<?xml version="1.0" encoding="utf-8"?>
<COLLADA xmlns="http://www.collada.org/2005/11/COLLADASchema" version="1.4.1">
  <asset>
    <contributor>
      <author>Mixamo</author>
      <authoring_tool>COLLADA Mixamo exporter</authoring_tool>
      <comments/>
    </contributor>
    <created>2023-05-08T20:26:38Z</created>
    <modified>2023-05-08T20:26:38Z</modified>
    <revision/>
    <title/>
    <unit meter="0.010000"/>
    <up_axis>Y_UP</up_axis>
  </asset>
  <library_animations>
    <animation id="mixamorig_Hips-anim" name="mixamorig_Hips">
      <source id="mixamorig_Hips-Matrix-animation-input">
        <float_array id="mixamorig_Hips-Matrix-animation-input-array" count="228">

0.000000 0.033333 0.066667 0.100000 0.133333 0.166667 0.200000 0.233333 0.266667 0.300000 0.333333 0.366667 0.400000 0.433333 0.466667 0.500000
0.533333 0.566667 0.600000 0.633333 0.666667 0.700000 0.733333 0.766667 0.800000 0.833333 0.866667 0.900000 0.933333 0.966667 1.000000 1.033333
1.066667 1.100000 1.133333 1.166667 1.200000 1.233333 1.266667 1.300000 1.333333 1.366667 1.400000 1.433333 1.466667 1.500000 1.533333 1.566667
1.600000 1.633333 1.666667 1.700000 1.733333 1.766667 1.800000 1.833333 1.866667 1.900000 1.933333 1.966667 2.000000 2.033333 2.066667 2.100000
2.133333 2.166667 2.200000 2.233333 2.266667 2.300000 2.333333 2.366667 2.400000 2.433333 2.466667 2.500000 2.533333 2.566667 2.600000 2.633333
2.666667 2.700000 2.733333 2.766667 2.800000 2.833333 2.866667 2.900000 2.933333 2.966667 3.000000 3.033333 3.066667 3.100000 3.133333 3.166667
3.200000 3.233333 3.266667 3.300000 3.333333 3.366667 3.400000 3.433333 3.466667 3.500000 3.533333 3.566667 3.600000 3.633333 3.666667 3.700000
3.733333 3.766667 3.800000 3.833333 3.866667 3.900000 3.933333 3.966667 4.000000 4.033333 4.066667 4.100000 4.133333 4.166667 4.200000 4.233333
4.266667 4.300000 4.333333 4.366667 4.400000 4.433333 4.466667 4.500000 4.533333 4.566667 4.600000 4.633333 4.666667 4.700000 4.733333 4.766667
4.800000 4.833333 4.866667 4.900000 4.933333 4.966667 5.000000 5.033333 5.066667 5.100000 5.133333 5.166667 5.200000 5.233333 5.266667 5.300000
5.333333 5.366667 5.400000 5.433333 5.466667 5.500000 5.533333 5.566667 5.600000 5.633333 5.666667 5.700000 5.733333 5.766667 5.800000 5.833333
5.866667 5.900000 5.933333 5.966667 6.000000 6.033333 6.066667 6.100000 6.133333 6.166667 6.200000 6.233333 6.266667 6.300000 6.333333 6.366667
6.400000 6.433333 6.466667 6.500000 6.533333 6.566667 6.600000 6.633333 6.666667 6.700000 6.733333 6.766667 6.800000 6.833333 6.866667 6.900000
6.933333 6.966667 7.000000 7.033333 7.066667 7.100000 7.133333 7.166667 7.200000 7.233333 7.266667 7.300000 7.333333 7.366667 7.400000 7.433333
7.466667 7.500000 7.533333 7.566667</float_array>
        <technique_common>
          <accessor source="#mixamorig_Hips-Matrix-animation-input-array" count="228">
            <param name="TIME" type="float"/>
          </accessor>
        </technique_common>
      </source>
      <source id="mixamorig_Hips-Matrix-animation-output-transform">
        <float_array id="mixamorig_Hips-Matrix-animation-output-transform-array" count="3648">

0.962760 -0.002103 -0.270350 -0.002208 -0.021616 0.996170 -0.084728 99.405220 0.269492 0.087417 0.959027 -0.004814 0.000000 0.000000 0.000000 1.000000
0.960230 -0.003756 -0.279185 0.225377 -0.020610 0.996228 -0.084287 99.367157 0.278448 0.086689 0.956531 -0.171629 0.000000 0.000000 0.000000 1.000000
0.956928 -0.005410 -0.290274 0.464906 -0.019765 0.996293 -0.083725 99.320801 0.289651 0.085856 0.953274 -0.302031 0.000000 0.000000 0.000000 1.000000
0.952940 -0.007045 -0.303076 0.716166 -0.019049 0.996363 -0.083055 99.267632 0.302559 0.084920 0.949340 -0.398184 0.000000 0.000000 0.000000 1.000000
0.948368 -0.008639 -0.317054 0.978935 -0.018433 0.996438 -0.082289 99.210152 0.316636 0.083884 0.944831 -0.462195 0.000000 0.000000 0.000000 1.000000
0.943339 -0.010173 -0.331675 1.252991 -0.017887 0.996518 -0.081439 99.152519 0.331349 0.082757 0.939872 -0.496133 0.000000 0.000000 0.000000 1.000000
0.938010 -0.011626 -0.346414 1.538138 -0.017384 0.996602 -0.080518 99.099350 0.346172 0.081548 0.934620 -0.501864 0.000000 0.000000 0.000000 1.000000
0.932570 -0.012982 -0.360756 1.851402 -0.016894 0.996689 -0.079538 99.055550 0.360594 0.080269 0.929263 -0.481482 0.000000 0.000000 0.000000 1.000000
0.927239 -0.014231 -0.374199 2.171506 -0.016386 0.996779 -0.078512 99.025772 0.374111 0.078931 0.924019 -0.436953 0.000000 0.000000 0.000000 1.000000
0.922264 -0.015357 -0.386255 2.461426 -0.015839 0.996870 -0.077454 99.014450 0.386236 0.077551 0.919134 -0.370064 0.000000 0.000000 0.000000 1.000000
0.917914 -0.016356 -0.396442 2.710362 -0.015222 0.996963 -0.076376 99.024696 0.396487 0.076141 0.914877 -0.282729 0.000000 0.000000 0.000000 1.000000
0.914469 -0.017224 -0.404290 2.910753 -0.014507 0.997056 -0.075293 99.056931 0.404396 0.074718 0.911527 -0.176777 0.000000 0.000000 0.000000 1.000000
0.912210 -0.017954 -0.409329 3.057971 -0.013675 0.997149 -0.074214 99.107887 0.409494 0.073296 0.909364 -0.053939 0.000000 0.000000 0.000000 1.000000
0.911364 -0.018174 -0.411201 3.152389 -0.012721 0.997304 -0.072272 99.174866 0.411406 0.071097 0.908675 0.079337 0.000000 0.000000 0.000000 1.000000
0.911259 -0.018638 -0.411411 3.188035 -0.011448 0.997443 -0.070544 99.253723 0.411674 0.068994 0.908716 0.224461 0.000000 0.000000 0.000000 1.000000
0.911336 -0.019299 -0.411210 3.168932 -0.010123 0.997548 -0.069250 99.349075 0.411538 0.067273 0.908906 0.379690 0.000000 0.000000 0.000000 1.000000
0.911436 -0.020028 -0.410955 3.105218 -0.008785 0.997640 -0.068105 99.471672 0.411349 0.065683 0.909108 0.541408 0.000000 0.000000 0.000000 1.000000
0.911407 -0.020767 -0.410982 3.007846 -0.007287 0.997755 -0.066576 99.631744 0.411441 0.063673 0.909209 0.704714 0.000000 0.000000 0.000000 1.000000
0.911218 -0.021473 -0.411365 2.884477 -0.005593 0.997903 -0.064480 99.831604 0.411887 0.061056 0.909187 0.865115 0.000000 0.000000 0.000000 1.000000
0.910972 -0.022040 -0.411879 2.738295 -0.003885 0.998069 -0.062000 100.065552 0.412450 0.058081 0.909127 1.021782 0.000000 0.000000 0.000000 1.000000
0.910825 -0.022405 -0.412183 2.570131 -0.002224 0.998245 -0.059176 100.325027 0.412786 0.054816 0.909177 1.173279 0.000000 0.000000 0.000000 1.000000
0.910881 -0.022628 -0.412048 2.380360 -0.000469 0.998438 -0.055867 100.602364 0.412669 0.051081 0.909448 1.316460 0.000000 0.000000 0.000000 1.000000
0.911154 -0.022778 -0.411436 2.169216 0.001459 0.998643 -0.052056 100.891022 0.412063 0.046831 0.909951 1.448823 0.000000 0.000000 0.000000 1.000000
0.911615 -0.022792 -0.410413 1.936422 0.003405 0.998846 -0.047906 101.185158 0.411031 0.042274 0.910640 1.569214 0.000000 0.000000 0.000000 1.000000
0.912241 -0.022612 -0.409030 1.680261 0.005166 0.999031 -0.043708 101.477371 0.409622 0.037759 0.911473 1.676558 0.000000 0.000000 0.000000 1.000000
0.913026 -0.022297 -0.407292 1.397413 0.006641 0.999185 -0.039814 101.758202 0.407848 0.033647 0.912430 1.768849 0.000000 0.000000 0.000000 1.000000
0.913955 -0.021906 -0.405224 1.084594 0.007826 0.999308 -0.036372 102.016495 0.405740 0.030071 0.913494 1.842822 0.000000 0.000000 0.000000 1.000000
0.914974 -0.021431 -0.402944 0.740402 0.008790 0.999410 -0.033195 102.240028 0.403418 0.026830 0.914622 1.895217 0.000000 0.000000 0.000000 1.000000
0.916000 -0.020781 -0.400640 0.366906 0.009534 0.999503 -0.030045 102.417450 0.401065 0.023701 0.915743 1.926382 0.000000 0.000000 0.000000 1.000000
0.916973 -0.019746 -0.398459 -0.030500 0.009865 0.999591 -0.026834 102.541847 0.398826 0.020675 0.916793 1.940564 0.000000 0.000000 0.000000 1.000000
0.917895 -0.018093 -0.396410 -0.444749 0.009560 0.999678 -0.023493 102.615311 0.396707 0.017774 0.917773 1.941242 0.000000 0.000000 0.000000 1.000000
0.918816 -0.015802 -0.394369 -0.869412 0.008664 0.999765 -0.019873 102.649826 0.394591 0.014843 0.918737 1.926978 0.000000 0.000000 0.000000 1.000000
0.919779 -0.013131 -0.392217 -1.298205 0.007489 0.999845 -0.015912 102.661041 0.392365 0.011698 0.919735 1.893069 0.000000 0.000000 0.000000 1.000000
0.920774 -0.010540 -0.389953 -1.724008 0.006411 0.999909 -0.011889 102.661812 0.390043 0.008447 0.920758 1.836221 0.000000 0.000000 0.000000 1.000000
0.921748 -0.008534 -0.387695 -2.140833 0.005711 0.999948 -0.008435 102.660393 0.387747 0.005561 0.921749 1.758025 0.000000 0.000000 0.000000 1.000000
0.922651 -0.007471 -0.385563 -2.546019 0.005499 0.999966 -0.006216 102.662323 0.385596 0.003615 0.922660 1.665064 0.000000 0.000000 0.000000 1.000000
0.923472 -0.007467 -0.383593 -2.939833 0.005798 0.999968 -0.005508 102.672821 0.383622 0.002862 0.923486 1.566180 0.000000 0.000000 0.000000 1.000000
0.924207 -0.008422 -0.381800 -3.322964 0.006633 0.999960 -0.006003 102.696495 0.381835 0.003015 0.924226 1.469438 0.000000 0.000000 0.000000 1.000000
0.924792 -0.010060 -0.380341 -3.694664 0.007994 0.999943 -0.007013 102.733734 0.380390 0.003445 0.924820 1.380864 0.000000 0.000000 0.000000 1.000000
0.925070 -0.011973 -0.379607 -4.052179 0.009725 0.999922 -0.007837 102.778458 0.379671 0.003558 0.925115 1.304380 0.000000 0.000000 0.000000 1.000000
0.924834 -0.013771 -0.380121 -4.391389 0.011583 0.999901 -0.008044 102.819397 0.380193 0.003036 0.924902 1.241600 0.000000 0.000000 0.000000 1.000000
0.923931 -0.015263 -0.382255 -4.708246 0.013383 0.999882 -0.007577 102.844528 0.382326 0.001885 0.924026 1.191766 0.000000 0.000000 0.000000 1.000000
0.922360 -0.016392 -0.385983 -4.999097 0.014980 0.999866 -0.006665 102.846718 0.386041 0.000366 0.922482 1.152530 0.000000 0.000000 0.000000 1.000000
0.920302 -0.017092 -0.390834 -5.260356 0.016179 0.999853 -0.005629 102.826797 0.390873 -0.001143 0.920444 1.121103 0.000000 0.000000 0.000000 1.000000
0.918041 -0.017262 -0.396110 -5.489163 0.016769 0.999848 -0.004708 102.792702 0.396132 -0.002320 0.918191 1.095347 0.000000 0.000000 0.000000 1.000000
0.915843 -0.016867 -0.401182 -5.684886 0.016697 0.999853 -0.003920 102.755173 0.401189 -0.003109 0.915990 1.073966 0.000000 0.000000 0.000000 1.000000
0.913879 -0.016004 -0.405670 -5.849545 0.016158 0.999865 -0.003044 102.723267 0.405664 -0.003774 0.914014 1.056513 0.000000 0.000000 0.000000 1.000000
0.912227 -0.014883 -0.409414 -5.986322 0.015496 0.999878 -0.001822 102.701065 0.409391 -0.004682 0.912347 1.044189 0.000000 0.000000 0.000000 1.000000
0.910928 -0.013758 -0.412335 -6.097246 0.015033 0.999887 -0.000152 102.687485 0.412291 -0.006060 0.911032 1.039928 0.000000 0.000000 0.000000 1.000000
0.910024 -0.012818 -0.414358 -6.181907 0.014980 0.999886 0.001967 102.679100 0.414285 -0.007997 0.910112 1.046881 0.000000 0.000000 0.000000 1.000000
0.909559 -0.012174 -0.415396 -6.238182 0.015400 0.999872 0.004417 102.671745 0.415289 -0.010414 0.909630 1.067728 0.000000 0.000000 0.000000 1.000000
0.909579 -0.011946 -0.415360 -6.264393 0.016226 0.999845 0.006776 102.662300 0.415215 -0.012903 0.909632 1.105631 0.000000 0.000000 0.000000 1.000000
0.910138 -0.012269 -0.414124 -6.260616 0.017346 0.999813 0.008500 102.648857 0.413942 -0.014920 0.910181 1.163644 0.000000 0.000000 0.000000 1.000000
0.911310 -0.013212 -0.411508 -6.228203 0.018699 0.999782 0.009310 102.631508 0.411295 -0.016179 0.911359 1.243271 0.000000 0.000000 0.000000 1.000000
0.913142 -0.014769 -0.407374 -6.168825 0.020302 0.999751 0.009262 102.612511 0.407136 -0.016728 0.913214 1.344413 0.000000 0.000000 0.000000 1.000000
0.915555 -0.016891 -0.401839 -6.083719 0.022191 0.999717 0.008536 102.595573 0.401581 -0.016732 0.915671 1.466229 0.000000 0.000000 0.000000 1.000000
0.918283 -0.019407 -0.395449 -5.973620 0.024301 0.999678 0.007371 102.585106 0.395179 -0.016378 0.918458 1.606983 0.000000 0.000000 0.000000 1.000000
0.920915 -0.021918 -0.389146 -5.838968 0.026383 0.999633 0.006131 102.584366 0.388869 -0.015913 0.921156 1.763367 0.000000 0.000000 0.000000 1.000000
0.923047 -0.023933 -0.383941 -5.680331 0.028071 0.999593 0.005177 102.593079 0.383661 -0.015556 0.923343 1.931137 0.000000 0.000000 0.000000 1.000000
0.924448 -0.025140 -0.380479 -5.498311 0.029076 0.999567 0.004599 102.606018 0.380199 -0.015315 0.924778 2.107027 0.000000 0.000000 0.000000 1.000000
0.925136 -0.025564 -0.378774 -5.292124 0.029355 0.999560 0.004235 102.613686 0.378499 -0.015037 0.925480 2.289829 0.000000 0.000000 0.000000 1.000000
0.925320 -0.025555 -0.378324 -5.058517 0.029202 0.999566 0.003905 102.606972 0.378060 -0.014661 0.925665 2.479703 0.000000 0.000000 0.000000 1.000000
0.925229 -0.025555 -0.378548 -4.792325 0.029057 0.999572 0.003539 102.580986 0.378296 -0.014273 0.925575 2.678110 0.000000 0.000000 0.000000 1.000000
0.924943 -0.025789 -0.379230 -4.488945 0.029188 0.999569 0.003216 102.537720 0.378983 -0.014044 0.925297 2.887479 0.000000 0.000000 0.000000 1.000000
0.924325 -0.026112 -0.380713 -4.146300 0.029591 0.999557 0.003287 102.484940 0.380458 -0.014304 0.924688 3.109158 0.000000 0.000000 0.000000 1.000000
0.923054 -0.026147 -0.383781 -3.764306 0.030100 0.999538 0.004295 102.432640 0.383491 -0.015517 0.923414 3.341894 0.000000 0.000000 0.000000 1.000000
0.920739 -0.025566 -0.389340 -3.343287 0.030525 0.999513 0.006554 102.387711 0.388983 -0.017919 0.921071 3.582626 0.000000 0.000000 0.000000 1.000000
0.917016 -0.024233 -0.398113 -2.884032 0.030684 0.999481 0.009839 102.351074 0.397667 -0.021238 0.917284 3.827790 0.000000 0.000000 0.000000 1.000000
0.911612 -0.022024 -0.410462 -2.388202 0.030243 0.999451 0.013541 102.319519 0.409938 -0.024758 0.911777 4.074055 0.000000 0.000000 0.000000 1.000000
0.904352 -0.018830 -0.426372 -1.858912 0.028834 0.999439 0.017020 102.288177 0.425812 -0.027687 0.904388 4.317833 0.000000 0.000000 0.000000 1.000000
0.895160 -0.014971 -0.445494 -1.302043 0.026583 0.999450 0.019828 102.252266 0.444952 -0.029592 0.895065 4.554440 0.000000 0.000000 0.000000 1.000000
0.884080 -0.011234 -0.467200 -0.725918 0.024230 0.999468 0.021816 102.211662 0.466706 -0.030607 0.883883 4.779369 0.000000 0.000000 0.000000 1.000000
0.871324 -0.008268 -0.490639 -0.140539 0.022567 0.999475 0.023234 102.169685 0.490190 -0.031317 0.871053 4.989314 0.000000 0.000000 0.000000 1.000000
0.857236 -0.006115 -0.514887 0.441807 0.021890 0.999458 0.024576 102.130241 0.514458 -0.032338 0.856906 5.183531 0.000000 0.000000 0.000000 1.000000
0.842161 -0.004529 -0.539206 1.004065 0.022085 0.999415 0.026099 102.095139 0.538773 -0.033888 0.841769 5.364225 0.000000 0.000000 0.000000 1.000000
0.826208 -0.003472 -0.563354 1.523438 0.023047 0.999352 0.027641 102.062691 0.562893 -0.035821 0.825753 5.533520 0.000000 0.000000 0.000000 1.000000
0.809101 -0.003195 -0.587661 1.974760 0.025015 0.999266 0.029008 102.029289 0.587137 -0.038170 0.808587 5.687835 0.000000 0.000000 0.000000 1.000000
0.790307 -0.003894 -0.612699 2.336326 0.028456 0.999134 0.030356 101.991852 0.612050 -0.041425 0.789733 5.814967 0.000000 0.000000 0.000000 1.000000
0.769527 -0.005161 -0.638593 2.595106 0.033390 0.998925 0.032163 101.949974 0.637740 -0.046073 0.768872 5.897601 0.000000 0.000000 0.000000 1.000000
0.747291 -0.005919 -0.664470 2.746219 0.038830 0.998641 0.034774 101.905876 0.663361 -0.051788 0.746505 5.920624 0.000000 0.000000 0.000000 1.000000
0.725140 -0.005145 -0.688582 2.787656 0.042972 0.998361 0.037793 101.862526 0.687259 -0.056995 0.724173 5.877644 0.000000 0.000000 0.000000 1.000000
0.705086 -0.002506 -0.709118 2.718164 0.044046 0.998218 0.040268 101.822762 0.707753 -0.059626 0.703939 5.770277 0.000000 0.000000 0.000000 1.000000
0.688603 0.001864 -0.725136 2.541355 0.041196 0.998281 0.041687 101.788902 0.723967 -0.058579 0.687343 5.602080 0.000000 0.000000 0.000000 1.000000
0.675918 0.007716 -0.736936 2.269001 0.034776 0.998497 0.042351 101.762848 0.736156 -0.054253 0.674634 5.376228 0.000000 0.000000 0.000000 1.000000
0.666118 0.014609 -0.745703 1.918798 0.025949 0.998749 0.042746 101.745399 0.745395 -0.047824 0.664905 5.098884 0.000000 0.000000 0.000000 1.000000
0.657879 0.021792 -0.752809 1.510335 0.016117 0.998945 0.043002 101.736931 0.752951 -0.040424 0.656833 4.781253 0.000000 0.000000 0.000000 1.000000
0.650154 0.028495 -0.759268 1.062023 0.006490 0.999052 0.043051 101.737976 0.759775 -0.032918 0.649353 4.436161 0.000000 0.000000 0.000000 1.000000
0.642359 0.034489 -0.765628 0.590603 -0.002264 0.999068 0.043106 101.750114 0.766401 -0.025956 0.641838 4.073204 0.000000 0.000000 0.000000 1.000000
0.634165 0.040145 -0.772155 0.110738 -0.010034 0.998994 0.043698 101.774117 0.773133 -0.019964 0.633930 3.695547 0.000000 0.000000 0.000000 1.000000
0.625300 0.045784 -0.779040 -0.365779 -0.017067 0.998841 0.045002 101.809517 0.780198 -0.014844 0.625357 3.302315 0.000000 0.000000 0.000000 1.000000
0.615563 0.051128 -0.786427 -0.831610 -0.023686 0.998643 0.046385 101.853699 0.787731 -0.009926 0.615939 2.892491 0.000000 0.000000 0.000000 1.000000
0.604972 0.055602 -0.794303 -1.284214 -0.029954 0.998442 0.047078 101.903435 0.795683 -0.004688 0.605695 2.465694 0.000000 0.000000 0.000000 1.000000
0.593838 0.058960 -0.802422 -1.725555 -0.035541 0.998260 0.047048 101.957077 0.803799 0.000580 0.594900 2.022186 0.000000 0.000000 0.000000 1.000000
0.582694 0.061300 -0.810376 -2.162746 -0.040006 0.998106 0.046735 102.014221 0.811706 0.005188 0.584043 1.566316 0.000000 0.000000 0.000000 1.000000
0.572127 0.062702 -0.817765 -2.606739 -0.043251 0.997993 0.046262 102.074707 0.819024 0.008901 0.573690 1.109154 0.000000 0.000000 0.000000 1.000000
0.562595 0.063192 -0.824314 -3.067194 -0.045648 0.997928 0.045347 102.138336 0.825472 0.012116 0.564313 0.664868 0.000000 0.000000 0.000000 1.000000
0.554321 0.062907 -0.829923 -3.547861 -0.047698 0.997902 0.043781 102.204712 0.830935 0.015316 0.556158 0.242861 0.000000 0.000000 0.000000 1.000000
0.547243 0.062147 -0.834663 -4.046569 -0.049683 0.997893 0.041726 102.272346 0.835498 0.018634 0.549178 -0.157480 0.000000 0.000000 0.000000 1.000000
0.541003 0.061386 -0.838777 -4.557321 -0.051766 0.997872 0.039640 102.337967 0.839426 0.021975 0.543030 -0.545503 0.000000 0.000000 0.000000 1.000000
0.535000 0.061191 -0.842633 -5.072409 -0.054258 0.997803 0.038010 102.395264 0.843108 0.025384 0.537145 -0.934090 0.000000 0.000000 0.000000 1.000000
0.528568 0.061986 -0.846625 -5.584708 -0.057634 0.997650 0.037061 102.435654 0.846932 0.029205 0.530899 -1.333969 0.000000 0.000000 0.000000 1.000000
0.521257 0.063870 -0.851006 -6.090808 -0.062249 0.997385 0.036728 102.450638 0.851126 0.033830 0.523870 -1.750796 0.000000 0.000000 0.000000 1.000000
0.513080 0.066772 -0.855739 -6.592568 -0.068160 0.996991 0.036927 102.435631 0.855630 0.039381 0.516088 -2.184113 0.000000 0.000000 0.000000 1.000000
0.504618 0.070673 -0.860445 -7.095318 -0.075148 0.996457 0.037773 102.392334 0.860066 0.045600 0.508141 -2.627650 0.000000 0.000000 0.000000 1.000000
0.496912 0.075481 -0.864512 -7.603624 -0.082672 0.995797 0.039425 102.327911 0.863854 0.051880 0.501063 -3.071354 0.000000 0.000000 0.000000 1.000000
0.491175 0.080756 -0.867309 -8.116857 -0.089918 0.995075 0.041730 102.251846 0.866407 0.057490 0.496018 -3.503536 0.000000 0.000000 0.000000 1.000000
0.488387 0.085797 -0.868399 -8.627018 -0.096134 0.994387 0.044179 102.172241 0.867315 0.061906 0.493894 -3.912168 0.000000 0.000000 0.000000 1.000000
0.488905 0.090070 -0.867675 -9.119942 -0.100969 0.993813 0.046271 102.094437 0.866474 0.064986 0.494974 -4.285837 0.000000 0.000000 0.000000 1.000000
0.492323 0.093445 -0.865382 -9.579893 -0.104448 0.993379 0.047846 102.021011 0.864123 0.066831 0.498823 -4.615025 0.000000 0.000000 0.000000 1.000000
0.497710 0.096093 -0.862004 -9.994129 -0.106764 0.993073 0.049060 101.953804 0.860747 0.067613 0.504522 -4.892632 0.000000 0.000000 0.000000 1.000000
0.504124 0.098150 -0.858036 -10.354988 -0.108026 0.992885 0.050107 101.895432 0.856848 0.067430 0.511140 -5.114326 0.000000 0.000000 0.000000 1.000000
0.511076 0.099484 -0.853759 -10.658978 -0.108105 0.992832 0.050976 101.849770 0.852710 0.066243 0.518167 -5.279372 0.000000 0.000000 0.000000 1.000000
0.518649 0.099887 -0.849132 -10.903749 -0.106759 0.992945 0.051596 101.821320 0.848296 0.063893 0.525654 -5.391464 0.000000 0.000000 0.000000 1.000000
0.527241 0.099475 -0.843873 -11.086426 -0.103930 0.993217 0.052146 101.813629 0.843336 0.060210 0.534003 -5.458690 0.000000 0.000000 0.000000 1.000000
0.537207 0.098646 -0.837662 -11.206418 -0.099886 0.993589 0.052949 101.827103 0.837515 0.055226 0.543616 -5.491838 0.000000 0.000000 0.000000 1.000000
0.548666 0.097580 -0.830328 -11.269543 -0.095089 0.994004 0.053983 101.857071 0.830617 0.049336 0.554655 -5.501519 0.000000 0.000000 0.000000 1.000000
0.561542 0.096100 -0.821849 -11.286561 -0.089948 0.994436 0.054822 101.894440 0.822545 0.043139 0.567061 -5.496634 0.000000 0.000000 0.000000 1.000000
0.575674 0.094220 -0.812233 -11.266222 -0.084851 0.994860 0.055267 101.928566 0.813265 0.037103 0.580710 -5.484221 0.000000 0.000000 0.000000 1.000000
0.590882 0.092590 -0.801427 -11.210296 -0.080356 0.995207 0.055733 101.950851 0.802746 0.031468 0.595490 -5.468942 0.000000 0.000000 0.000000 1.000000
0.606936 0.092159 -0.789389 -11.115585 -0.077108 0.995396 0.056924 101.957306 0.791001 0.026319 0.611248 -5.452551 0.000000 0.000000 0.000000 1.000000
0.623528 0.093438 -0.776198 -10.979887 -0.075418 0.995391 0.059241 101.949112 0.778155 0.021601 0.627701 -5.434193 0.000000 0.000000 0.000000 1.000000
0.640316 0.096066 -0.762081 -10.805496 -0.074974 0.995227 0.062461 101.931129 0.764444 0.017141 0.644462 -5.410685 0.000000 0.000000 0.000000 1.000000
0.657081 0.098978 -0.747294 -10.597627 -0.074908 0.995009 0.065923 101.909706 0.750089 0.012661 0.661216 -5.377053 0.000000 0.000000 0.000000 1.000000
0.673886 0.100981 -0.731902 -10.360379 -0.074156 0.994858 0.068983 101.889900 0.735105 0.007788 0.677909 -5.327767 0.000000 0.000000 0.000000 1.000000
0.691113 0.101241 -0.715621 -10.094912 -0.071937 0.994859 0.071273 101.873779 0.719158 0.002222 0.694843 -5.257773 0.000000 0.000000 0.000000 1.000000
0.709336 0.099391 -0.697828 -9.800839 -0.067966 0.995040 0.072636 101.860054 0.701586 -0.004095 0.712573 -5.163832 0.000000 0.000000 0.000000 1.000000
0.729037 0.095359 -0.677799 -9.477513 -0.062294 0.995382 0.073037 101.845581 0.681633 -0.011024 0.731611 -5.046259 0.000000 0.000000 0.000000 1.000000
0.750312 0.089282 -0.655027 -9.123854 -0.055126 0.995837 0.072590 101.827980 0.658781 -0.018356 0.752110 -4.909425 0.000000 0.000000 0.000000 1.000000
0.772712 0.081669 -0.629481 -8.738431 -0.046940 0.996325 0.071644 101.807022 0.633019 -0.025812 0.773706 -4.759633 0.000000 0.000000 0.000000 1.000000
0.795384 0.073254 -0.601662 -8.321637 -0.038456 0.996769 0.070522 101.784698 0.604884 -0.032955 0.795631 -4.601157 0.000000 0.000000 0.000000 1.000000
0.817392 0.064442 -0.572467 -7.878634 -0.030143 0.997147 0.069209 101.764297 0.575293 -0.039315 0.817002 -4.434237 0.000000 0.000000 0.000000 1.000000
0.837936 0.055230 -0.542967 -7.418689 -0.021994 0.997475 0.067520 101.748917 0.545325 -0.044635 0.837035 -4.255551 0.000000 0.000000 0.000000 1.000000
0.856392 0.045716 -0.514299 -6.950267 -0.013994 0.997762 0.065389 101.740913 0.516137 -0.048801 0.855115 -4.058740 0.000000 0.000000 0.000000 1.000000
0.872291 0.036277 -0.487640 -6.477806 -0.006393 0.998005 0.062809 101.741203 0.488945 -0.051670 0.870783 -3.835504 0.000000 0.000000 0.000000 1.000000
0.885385 0.027217 -0.464061 -6.002673 0.000656 0.998210 0.059796 101.748947 0.464858 -0.053246 0.883782 -3.578879 0.000000 0.000000 0.000000 1.000000
0.895746 0.018521 -0.444181 -5.525834 0.007406 0.998371 0.056566 101.762344 0.444505 -0.053959 0.894150 -3.286268 0.000000 0.000000 0.000000 1.000000
0.903751 0.009928 -0.427944 -5.049300 0.014347 0.998467 0.053463 101.780128 0.427818 -0.054457 0.902223 -2.958698 0.000000 0.000000 0.000000 1.000000
0.909894 0.001197 -0.414839 -4.576120 0.021769 0.998480 0.050629 101.801743 0.414269 -0.055098 0.908485 -2.597580 0.000000 0.000000 0.000000 1.000000
0.914538 -0.007592 -0.404428 -4.109926 0.029438 0.998422 0.047825 101.827972 0.403427 -0.055643 0.913319 -2.203096 0.000000 0.000000 0.000000 1.000000
0.917818 -0.015944 -0.396682 -3.654294 0.036712 0.998321 0.044815 101.861900 0.395301 -0.055695 0.916861 -1.776699 0.000000 0.000000 0.000000 1.000000
0.919754 -0.023253 -0.391805 -3.212724 0.043044 0.998198 0.041803 101.907875 0.390127 -0.055314 0.919098 -1.324941 0.000000 0.000000 0.000000 1.000000
0.920470 -0.029191 -0.389721 -2.788528 0.048330 0.998054 0.039393 101.969498 0.387813 -0.055095 0.920090 -0.859625 0.000000 0.000000 0.000000 1.000000
0.920308 -0.033880 -0.389725 -2.383384 0.052823 0.997881 0.037989 102.046204 0.387612 -0.055548 0.920147 -0.393355 0.000000 0.000000 0.000000 1.000000
0.919786 -0.037746 -0.390600 -1.995420 0.056757 0.997693 0.037239 102.130562 0.388293 -0.056421 0.919807 0.065688 0.000000 0.000000 0.000000 1.000000
0.919454 -0.041164 -0.391036 -1.619289 0.060070 0.997536 0.036236 102.209007 0.388581 -0.056807 0.919662 0.514758 0.000000 0.000000 0.000000 1.000000
0.919749 -0.044181 -0.390012 -1.249901 0.062475 0.997456 0.034338 102.265182 0.387503 -0.055948 0.920169 0.953226 0.000000 0.000000 0.000000 1.000000
0.920916 -0.046637 -0.386960 -0.887420 0.063830 0.997457 0.031693 102.285759 0.384498 -0.053887 0.921552 1.379567 0.000000 0.000000 0.000000 1.000000
0.922973 -0.048443 -0.381804 -0.536837 0.064383 0.997502 0.029076 102.265823 0.379441 -0.051418 0.923786 1.791538 0.000000 0.000000 0.000000 1.000000
0.925707 -0.049650 -0.374969 -0.202216 0.064583 0.997537 0.027354 102.211182 0.372688 -0.049538 0.926634 2.187784 0.000000 0.000000 0.000000 1.000000
0.928746 -0.050270 -0.367293 0.118257 0.064676 0.997541 0.027013 102.136932 0.365032 -0.048843 0.929713 2.569163 0.000000 0.000000 0.000000 1.000000
0.931711 -0.050181 -0.359718 0.431309 0.064534 0.997523 0.027997 102.062851 0.357422 -0.049299 0.932641 2.937870 0.000000 0.000000 0.000000 1.000000
0.934365 -0.049303 -0.352889 0.743294 0.063889 0.997512 0.029800 102.006142 0.350542 -0.050390 0.935191 3.294843 0.000000 0.000000 0.000000 1.000000
0.936656 -0.047829 -0.346970 1.055453 0.062698 0.997528 0.031746 101.976746 0.344594 -0.051490 0.937339 3.637042 0.000000 0.000000 0.000000 1.000000
0.938604 -0.046227 -0.341886 1.362030 0.061243 0.997569 0.033252 101.975670 0.339518 -0.052149 0.939153 3.956374 0.000000 0.000000 0.000000 1.000000
0.940145 -0.045044 -0.337785 1.651631 0.059992 0.997622 0.033939 101.995758 0.335453 -0.052172 0.940611 4.241153 0.000000 0.000000 0.000000 1.000000
0.941073 -0.044723 -0.335233 1.909447 0.059432 0.997662 0.033741 102.026283 0.332941 -0.051676 0.941531 4.477219 0.000000 0.000000 0.000000 1.000000
0.941165 -0.045438 -0.334879 2.120176 0.059898 0.997660 0.032975 102.055504 0.332597 -0.051094 0.941684 4.650972 0.000000 0.000000 0.000000 1.000000
0.940367 -0.046989 -0.336900 2.270425 0.061376 0.997596 0.032174 102.073357 0.334579 -0.050933 0.940990 4.752002 0.000000 0.000000 0.000000 1.000000
0.938874 -0.048693 -0.340801 2.352018 0.063240 0.997495 0.031700 102.073280 0.338403 -0.051315 0.939601 4.775942 0.000000 0.000000 0.000000 1.000000
0.936998 -0.049455 -0.345815 2.364378 0.064285 0.997433 0.031539 102.053322 0.343368 -0.051783 0.937772 4.724794 0.000000 0.000000 0.000000 1.000000
0.934919 -0.048259 -0.351565 2.313457 0.063345 0.997494 0.031529 102.017258 0.349162 -0.051747 0.935632 4.603342 0.000000 0.000000 0.000000 1.000000
0.932507 -0.044727 -0.358373 2.208415 0.060020 0.997695 0.031655 101.973679 0.356131 -0.051028 0.933042 4.415507 0.000000 0.000000 0.000000 1.000000
0.929391 -0.039332 -0.366996 2.059184 0.054854 0.997983 0.031958 101.933449 0.364999 -0.049833 0.929673 4.164983 0.000000 0.000000 0.000000 1.000000
0.925185 -0.033090 -0.378072 1.875779 0.048922 0.998279 0.032344 101.906967 0.376351 -0.048420 0.925211 3.857913 0.000000 0.000000 0.000000 1.000000
0.919687 -0.026891 -0.391730 1.668617 0.043102 0.998537 0.032647 101.901421 0.390280 -0.046909 0.919501 3.504074 0.000000 0.000000 0.000000 1.000000
0.912927 -0.020988 -0.407583 1.447686 0.037618 0.998753 0.032828 101.919220 0.406386 -0.045302 0.912578 3.115998 0.000000 0.000000 0.000000 1.000000
0.905095 -0.015072 -0.424942 1.219469 0.032171 0.998934 0.033093 101.959198 0.423991 -0.043623 0.904615 2.705837 0.000000 0.000000 0.000000 1.000000
0.896461 -0.008735 -0.443037 0.984925 0.026451 0.999078 0.033824 102.017593 0.442333 -0.042041 0.895865 2.282709 0.000000 0.000000 0.000000 1.000000
0.887337 -0.001946 -0.461117 0.741489 0.020549 0.999164 0.035328 102.088928 0.460663 -0.040824 0.886636 1.851804 0.000000 0.000000 0.000000 1.000000
0.878048 0.004807 -0.478549 0.487670 0.014957 0.999185 0.037481 102.167801 0.478339 -0.040068 0.877261 1.415409 0.000000 0.000000 0.000000 1.000000
0.868856 0.010827 -0.494946 0.226211 0.010084 0.999166 0.039560 102.249481 0.494962 -0.039363 0.868023 0.975763 0.000000 0.000000 0.000000 1.000000
0.859869 0.015696 -0.510274 -0.036672 0.005844 0.999159 0.040582 102.330200 0.510482 -0.037878 0.859054 0.536271 0.000000 0.000000 0.000000 1.000000
0.851013 0.019482 -0.524784 -0.294702 0.001792 0.999198 0.040001 102.407120 0.525142 -0.034982 0.850295 0.099929 0.000000 0.000000 0.000000 1.000000
0.842171 0.022625 -0.538736 -0.544306 -0.002464 0.999270 0.038113 102.478264 0.539205 -0.030770 0.841612 -0.332093 0.000000 0.000000 0.000000 1.000000
0.833395 0.025628 -0.552083 -0.785674 -0.007031 0.999335 0.035776 102.542366 0.552633 -0.025934 0.833021 -0.759640 0.000000 0.000000 0.000000 1.000000
0.825039 0.028760 -0.564343 -1.021507 -0.011786 0.999363 0.033698 102.598923 0.564953 -0.021151 0.824852 -1.181391 0.000000 0.000000 0.000000 1.000000
0.817699 0.031909 -0.574761 -1.254260 -0.016518 0.999352 0.031980 102.648834 0.575409 -0.016656 0.817696 -1.594716 0.000000 0.000000 0.000000 1.000000
0.811960 0.034710 -0.582681 -1.483168 -0.020998 0.999321 0.030270 102.694305 0.583336 -0.012343 0.812137 -1.998015 0.000000 0.000000 0.000000 1.000000
0.808112 0.036913 -0.587871 -1.703240 -0.025092 0.999286 0.028254 102.738434 0.588494 -0.008081 0.808461 -2.392323 0.000000 0.000000 0.000000 1.000000
0.806038 0.038642 -0.590601 -1.907739 -0.028884 0.999246 0.025958 102.782402 0.591159 -0.003864 0.806546 -2.780085 0.000000 0.000000 0.000000 1.000000
0.805398 0.040350 -0.591359 -2.091951 -0.032684 0.999186 0.023664 102.822266 0.591832 0.000269 0.806061 -3.161426 0.000000 0.000000 0.000000 1.000000
0.806005 0.042532 -0.590379 -2.255437 -0.036862 0.999086 0.021651 102.848015 0.590760 0.004312 0.806836 -3.531178 0.000000 0.000000 0.000000 1.000000
0.808080 0.045364 -0.587323 -2.401268 -0.041525 0.998937 0.020023 102.845436 0.587607 0.008208 0.809105 -3.879067 0.000000 0.000000 0.000000 1.000000
0.812153 0.048488 -0.581426 -2.532757 -0.046279 0.998754 0.018646 102.803291 0.581606 0.011764 0.813386 -4.192008 0.000000 0.000000 0.000000 1.000000
0.818629 0.051185 -0.572038 -2.650504 -0.050391 0.998581 0.017239 102.721085 0.572108 0.014713 0.820046 -4.456748 0.000000 0.000000 0.000000 1.000000
0.827351 0.052928 -0.559187 -2.751615 -0.053305 0.998456 0.015638 102.612648 0.559151 0.016869 0.828894 -4.661822 0.000000 0.000000 0.000000 1.000000
0.837532 0.053660 -0.543748 -2.831423 -0.054885 0.998395 0.013988 102.503731 0.543625 0.018128 0.839132 -4.798985 0.000000 0.000000 0.000000 1.000000
0.848106 0.053404 -0.527128 -2.887064 -0.055023 0.998405 0.012623 102.422165 0.526961 0.018298 0.849692 -4.864466 0.000000 0.000000 0.000000 1.000000
0.858196 0.051951 -0.510687 -2.918470 -0.053424 0.998502 0.011797 102.385925 0.510535 0.017159 0.859686 -4.858603 0.000000 0.000000 0.000000 1.000000
0.867356 0.049159 -0.495254 -2.927446 -0.050010 0.998682 0.011545 102.396278 0.495169 0.014754 0.868672 -4.784346 0.000000 0.000000 0.000000 1.000000
0.875554 0.045241 -0.480997 -2.955029 -0.045226 0.998909 0.011629 102.437843 0.480998 0.011571 0.876645 -4.646059 0.000000 0.000000 0.000000 1.000000
0.883001 0.040601 -0.467612 -2.980710 -0.039807 0.999140 0.011583 102.486847 0.467681 0.008386 0.883858 -4.449916 0.000000 0.000000 0.000000 1.000000
0.889969 0.035521 -0.454635 -3.002948 -0.034299 0.999352 0.010938 102.522606 0.454729 0.005859 0.890611 -4.204881 0.000000 0.000000 0.000000 1.000000
0.896671 0.030071 -0.441675 -3.020913 -0.028847 0.999539 0.009490 102.535782 0.441756 0.004232 0.897125 -3.922612 0.000000 0.000000 0.000000 1.000000
0.903201 0.024369 -0.428525 -3.033599 -0.023458 0.999697 0.007408 102.526520 0.428575 0.003362 0.903500 -3.615231 0.000000 0.000000 0.000000 1.000000
0.909567 0.018648 -0.415138 -3.039543 -0.018160 0.999822 0.005122 102.498421 0.415160 0.002880 0.909744 -3.294068 0.000000 0.000000 0.000000 1.000000
0.915748 0.013039 -0.401542 -3.038118 -0.012956 0.999912 0.002923 102.452515 0.401544 0.002526 0.915836 -2.968246 0.000000 0.000000 0.000000 1.000000
0.921730 0.007433 -0.387761 -3.030284 -0.007816 0.999969 0.000590 102.385201 0.387754 0.002487 0.921760 -2.643301 0.000000 0.000000 0.000000 1.000000
0.927492 0.001665 -0.373839 -3.017274 -0.002818 0.999993 -0.002537 102.291977 0.373832 0.003406 0.927490 -2.321599 0.000000 0.000000 0.000000 1.000000
0.932971 -0.004181 -0.359928 -2.998958 0.001793 0.999974 -0.006969 102.172295 0.359948 0.005857 0.932954 -2.004924 0.000000 0.000000 0.000000 1.000000
0.938065 -0.009644 -0.346326 -2.973265 0.005662 0.999906 -0.012508 102.029884 0.346414 0.009773 0.938031 -1.697393 0.000000 0.000000 0.000000 1.000000
0.942701 -0.014186 -0.333337 -2.937728 0.008518 0.999793 -0.018460 101.871460 0.333530 0.014563 0.942627 -1.404666 0.000000 0.000000 0.000000 1.000000
0.946908 -0.017659 -0.321019 -2.891646 0.010400 0.999650 -0.024314 101.702820 0.321336 0.019685 0.946760 -1.130657 0.000000 0.000000 0.000000 1.000000
0.950822 -0.020416 -0.309064 -2.836644 0.011713 0.999482 -0.029989 101.527657 0.309517 0.024894 0.950568 -0.877025 0.000000 0.000000 0.000000 1.000000
0.954608 -0.022874 -0.296985 -2.774329 0.012913 0.999288 -0.035458 101.347610 0.297585 0.030014 0.954224 -0.644875 0.000000 0.000000 0.000000 1.000000
0.958343 -0.025170 -0.284508 -2.705058 0.014200 0.999076 -0.040554 101.163574 0.285266 0.034825 0.957815 -0.435864 0.000000 0.000000 0.000000 1.000000
0.961960 -0.027264 -0.271828 -2.629022 0.015535 0.998857 -0.045209 100.976395 0.272750 0.039267 0.961283 -0.251025 0.000000 0.000000 0.000000 1.000000
0.965307 -0.029138 -0.259488 -2.547139 0.016814 0.998628 -0.049587 100.787857 0.260577 0.043504 0.964473 -0.090201 0.000000 0.000000 0.000000 1.000000
0.968274 -0.030824 -0.247982 -2.460506 0.017973 0.998383 -0.053922 100.602936 0.249243 0.047754 0.967263 0.047475 0.000000 0.000000 0.000000 1.000000
0.970782 -0.032350 -0.237771 -2.370051 0.018955 0.998113 -0.058409 100.429649 0.239212 0.052195 0.969563 0.163421 0.000000 0.000000 0.000000 1.000000
0.972842 -0.033727 -0.229002 -2.276230 0.019730 0.997810 -0.063137 100.278107 0.230630 0.056904 0.971376 0.259414 0.000000 0.000000 0.000000 1.000000
0.974660 -0.034900 -0.220954 -2.177539 0.020322 0.997484 -0.067911 100.156677 0.222768 0.061700 0.972917 0.337985 0.000000 0.000000 0.000000 1.000000
0.976257 -0.035770 -0.213642 -2.073520 0.020701 0.997164 -0.072360 100.067383 0.215624 0.066219 0.974228 0.401953 0.000000 0.000000 0.000000 1.000000
0.977563 -0.036233 -0.207506 -1.964357 0.020756 0.996870 -0.076280 100.003868 0.209620 0.070261 0.975255 0.455810 0.000000 0.000000 0.000000 1.000000
0.978505 -0.036176 -0.203026 -1.848496 0.020330 0.996619 -0.079602 99.954269 0.205219 0.073763 0.975932 0.503980 0.000000 0.000000 0.000000 1.000000
0.979035 -0.035445 -0.200585 -1.727796 0.019244 0.996434 -0.082151 99.908752 0.202781 0.076569 0.976226 0.547728 0.000000 0.000000 0.000000 1.000000
0.979107 -0.033895 -0.200502 -1.602141 0.017321 0.996328 -0.083846 99.863373 0.202607 0.078621 0.976099 0.584766 0.000000 0.000000 0.000000 1.000000
0.978702 -0.031494 -0.202857 -1.471487 0.014424 0.996269 -0.085086 99.818100 0.204780 0.080347 0.975505 0.612622 0.000000 0.000000 0.000000 1.000000
0.977858 -0.028403 -0.207333 -1.336455 0.010708 0.996240 -0.085977 99.774467 0.208996 0.081853 0.974485 0.625072 0.000000 0.000000 0.000000 1.000000
0.976659 -0.024839 -0.213353 -1.197347 0.006432 0.996227 -0.086543 99.733444 0.214698 0.083151 0.973135 0.616973 0.000000 0.000000 0.000000 1.000000
0.975209 -0.021016 -0.220284 -1.054437 0.001860 0.996223 -0.086813 99.694466 0.221276 0.084252 0.971565 0.586309 0.000000 0.000000 0.000000 1.000000
0.973606 -0.017116 -0.227592 -0.907997 -0.002782 0.996220 -0.086824 99.656364 0.228218 0.085166 0.969878 0.534952 0.000000 0.000000 0.000000 1.000000
0.971922 -0.013294 -0.234926 -0.758403 -0.007311 0.996215 -0.086621 99.617920 0.235189 0.085906 0.968146 0.468060 0.000000 0.000000 0.000000 1.000000
0.970194 -0.009731 -0.242133 -0.606515 -0.011536 0.996206 -0.086262 99.578651 0.242054 0.086484 0.966401 0.389929 0.000000 0.000000 0.000000 1.000000
0.968425 -0.006657 -0.249218 -0.453754 -0.015239 0.996194 -0.085824 99.538033 0.248841 0.086911 0.964637 0.303672 0.000000 0.000000 0.000000 1.000000
0.966599 -0.004302 -0.256256 -0.301677 -0.018203 0.996181 -0.085388 99.495827 0.255645 0.087201 0.962830 0.209610 0.000000 0.000000 0.000000 1.000000
0.964711 -0.002773 -0.263297 -0.151060 -0.020339 0.996172 -0.085010 99.451782 0.262525 0.087365 0.960962 0.107259 0.000000 0.000000 0.000000 1.000000
0.962760 -0.002103 -0.270350 -0.002213 -0.021616 0.996170 -0.084728 99.405212 0.269492 0.087416 0.959027 -0.004815 0.000000 0.000000 0.000000 1.000000</float_array>
        <technique_common>
          <accessor source="#mixamorig_Hips-Matrix-animation-output-transform-array" count="228" stride="16">
            <param type="float4x4"/>
          </accessor>
        </technique_common>
      </source>
      <source id="mixamorig_Hips-Interpolations">
        <Name_array id="mixamorig_Hips-Interpolations-array" count="228">
 LINEAR LINEAR LINEAR LINEAR LINEAR LINEAR LINEAR LINEAR LINEAR LINEAR LINEAR
LINEAR LINEAR LINEAR LINEAR LINEAR LINEAR LINEAR LINEAR LINEAR LINEAR LINEAR LINEAR
LINEAR LINEAR LINEAR LINEAR LINEAR LINEAR LINEAR LINEAR LINEAR LINEAR LINEAR LINEAR
LINEAR LINEAR LINEAR LINEAR LINEAR LINEAR LINEAR LINEAR LINEAR LINEAR LINEAR LINEAR
LINEAR LINEAR LINEAR LINEAR LINEAR LINEAR LINEAR LINEAR LINEAR LINEAR LINEAR LINEAR
LINEAR LINEAR LINEAR LINEAR LINEAR LINEAR LINEAR LINEAR LINEAR LINEAR LINEAR LINEAR
LINEAR LINEAR LINEAR LINEAR LINEAR LINEAR LINEAR LINEAR LINEAR LINEAR LINEAR LINEAR
LINEAR LINEAR LINEAR LINEAR LINEAR LINEAR LINEAR LINEAR LINEAR LINEAR LINEAR LINEAR
LINEAR LINEAR LINEAR LINEAR LINEAR LINEAR LINEAR LINEAR LINEAR LINEAR LINEAR LINEAR
LINEAR LINEAR LINEAR LINEAR LINEAR LINEAR LINEAR LINEAR LINEAR LINEAR LINEAR LINEAR
LINEAR LINEAR LINEAR LINEAR LINEAR LINEAR LINEAR LINEAR LINEAR LINEAR LINEAR LINEAR
LINEAR LINEAR LINEAR LINEAR LINEAR LINEAR LINEAR LINEAR LINEAR LINEAR LINEAR LINEAR
LINEAR LINEAR LINEAR LINEAR LINEAR LINEAR LINEAR LINEAR LINEAR LINEAR LINEAR LINEAR
LINEAR LINEAR LINEAR LINEAR LINEAR LINEAR LINEAR LINEAR LINEAR LINEAR LINEAR LINEAR
LINEAR LINEAR LINEAR LINEAR LINEAR LINEAR LINEAR LINEAR LINEAR LINEAR LINEAR LINEAR
LINEAR LINEAR LINEAR LINEAR LINEAR LINEAR LINEAR LINEAR LINEAR LINEAR LINEAR LINEAR
LINEAR LINEAR LINEAR LINEAR LINEAR LINEAR LINEAR LINEAR LINEAR LINEAR LINEAR LINEAR
LINEAR LINEAR LINEAR LINEAR LINEAR LINEAR LINEAR LINEAR LINEAR LINEAR LINEAR LINEAR
LINEAR LINEAR LINEAR LINEAR LINEAR LINEAR LINEAR LINEAR LINEAR LINEAR LINEAR LINEAR
LINEAR</Name_array>
        <technique_common>
          <accessor source="#mixamorig_Hips-Interpolations-array" count="228">
            <param type="name"/>
          </accessor>
        </technique_common>
      </source>
      <sampler id="mixamorig_Hips-Matrix-animation-transform">
        <input semantic="INPUT" source="#mixamorig_Hips-Matrix-animation-input"/>
        <input semantic="OUTPUT" source="#mixamorig_Hips-Matrix-animation-output-transform"/>
        <input semantic="INTERPOLATION" source="#mixamorig_Hips-Interpolations"/>
      </sampler>
      <channel source="#mixamorig_Hips-Matrix-animation-transform" target="mixamorig_Hips/matrix"/>
    </animation>
