<?xml version="1.0" encoding="utf-8"?>
<COLLADA xmlns="http://www.collada.org/2005/11/COLLADASchema" version="1.4.1">
  <asset>
    <contributor>
      <author>Mixamo</author>
      <authoring_tool>COLLADA Mixamo exporter</authoring_tool>
      <comments/>
    </contributor>
    <created>2023-05-08T20:20:09Z</created>
    <modified>2023-05-08T20:20:09Z</modified>
    <revision/>
    <title/>
    <unit meter="0.010000"/>
    <up_axis>Y_UP</up_axis>
  </asset>
  <library_animations>
    <animation id="mixamorig_Hips-anim" name="mixamorig_Hips">
      <source id="mixamorig_Hips-Matrix-animation-input">
        <float_array id="mixamorig_Hips-Matrix-animation-input-array" count="21">

0.000000 0.033333 0.066667 0.100000 0.133333 0.166667 0.200000 0.233333 0.266667 0.300000 0.333333 0.366667 0.400000 0.433333 0.466667 0.500000
0.533333 0.566667 0.600000 0.633333 0.666667</float_array>
        <technique_common>
          <accessor source="#mixamorig_Hips-Matrix-animation-input-array" count="21">
            <param name="TIME" type="float"/>
          </accessor>
        </technique_common>
      </source>
      <source id="mixamorig_Hips-Matrix-animation-output-transform">
        <float_array id="mixamorig_Hips-Matrix-animation-output-transform-array" count="336">

0.268865 0.347926 0.898142 0.974341 -0.141635 0.936623 -0.320433 89.744789 -0.952707 -0.041055 0.301104 0.814543 0.000000 0.000000 0.000000 1.000000
0.271707 0.344366 0.898659 0.617691 -0.136613 0.938133 -0.318188 89.313187 -0.952634 -0.036314 0.301942 0.753662 0.000000 0.000000 0.000000 1.000000
0.274973 0.334136 0.901523 0.438056 -0.091457 0.942506 -0.321431 90.599449 -0.957092 0.005934 0.289723 0.385280 0.000000 0.000000 0.000000 1.000000
0.272418 0.328396 0.904403 0.373409 -0.014292 0.941230 -0.337464 92.762054 -0.962073 0.079005 0.261101 -0.168429 0.000000 0.000000 0.000000 1.000000
0.248270 0.335271 0.908821 -0.390463 0.032783 0.934749 -0.353792 94.695663 -0.968136 0.117630 0.221079 -0.809876 0.000000 0.000000 0.000000 1.000000
0.227700 0.350758 0.908362 -1.233251 0.017967 0.931195 -0.364079 95.793221 -0.973566 0.099221 0.205731 -1.001834 0.000000 0.000000 0.000000 1.000000
0.209734 0.344788 0.914950 -1.707196 0.008900 0.935050 -0.354403 95.410904 -0.977718 0.082474 0.193043 -0.907052 0.000000 0.000000 0.000000 1.000000
0.185856 0.329746 0.925595 -1.356679 0.021506 0.940416 -0.339344 93.824646 -0.982342 0.082975 0.167690 -1.098157 0.000000 0.000000 0.000000 1.000000
0.173268 0.322139 0.930701 -1.914350 0.037885 0.942115 -0.333142 92.057686 -0.984146 0.092983 0.151034 -1.340648 0.000000 0.000000 0.000000 1.000000
0.172396 0.332653 0.927158 -3.509365 0.047243 0.937375 -0.345104 90.162003 -0.983894 0.103296 0.145884 -1.318187 0.000000 0.000000 0.000000 1.000000
0.161320 0.340539 0.926288 -3.127702 0.039452 0.935606 -0.350836 89.460373 -0.986113 0.093141 0.137497 -1.316081 0.000000 0.000000 0.000000 1.000000
0.135095 0.357830 0.923962 -2.741578 -0.003114 0.932660 -0.360743 90.396362 -0.990828 0.045858 0.127112 -1.226613 0.000000 0.000000 0.000000 1.000000
0.122196 0.357443 0.925906 -1.370198 -0.054014 0.933910 -0.353405 92.778175 -0.991035 -0.006828 0.133427 -1.294940 0.000000 0.000000 0.000000 1.000000
0.134776 0.362571 0.922159 -0.758791 -0.110410 0.930350 -0.349654 94.397743 -0.984706 -0.054691 0.165420 -1.213988 0.000000 0.000000 0.000000 1.000000
0.167653 0.352746 0.920577 -0.456758 -0.109137 0.934696 -0.338280 95.667336 -0.979787 -0.043756 0.195202 -1.320487 0.000000 0.000000 0.000000 1.000000
0.202607 0.331310 0.921512 1.331510 -0.067576 0.943516 -0.324363 95.476608 -0.976926 0.003446 0.213551 -1.241788 0.000000 0.000000 0.000000 1.000000
0.244154 0.304050 0.920838 2.944029 -0.053265 0.952347 -0.300331 95.337448 -0.968273 0.024279 0.248714 -1.050387 0.000000 0.000000 0.000000 1.000000
0.269698 0.287907 0.918897 2.455014 -0.071790 0.957613 -0.278967 94.692818 -0.960265 0.009269 0.278935 -0.663395 0.000000 0.000000 0.000000 1.000000
0.246554 0.299246 0.921772 1.748540 -0.089359 0.954102 -0.285840 92.207802 -0.965001 -0.011893 0.261978 -0.116046 0.000000 0.000000 0.000000 1.000000
0.247981 0.352708 0.902276 0.329754 -0.141096 0.934586 -0.326559 89.956505 -0.958435 -0.046327 0.281525 0.289028 0.000000 0.000000 0.000000 1.000000
0.268865 0.347926 0.898142 0.974336 -0.141635 0.936623 -0.320433 89.744804 -0.952707 -0.041055 0.301104 0.814545 0.000000 0.000000 0.000000 1.000000</float_array>
        <technique_common>
          <accessor source="#mixamorig_Hips-Matrix-animation-output-transform-array" count="21" stride="16">
            <param type="float4x4"/>
          </accessor>
        </technique_common>
      </source>
      <source id="mixamorig_Hips-Interpolations">
        <Name_array id="mixamorig_Hips-Interpolations-array" count="21">
 LINEAR LINEAR LINEAR LINEAR LINEAR LINEAR LINEAR LINEAR LINEAR LINEAR LINEAR
LINEAR LINEAR LINEAR LINEAR LINEAR LINEAR LINEAR LINEAR LINEAR LINEAR</Name_array>
        <technique_common>
          <accessor source="#mixamorig_Hips-Interpolations-array" count="21">
            <param type="name"/>
          </accessor>
        </technique_common>
      </source>
      <sampler id="mixamorig_Hips-Matrix-animation-transform">
        <input semantic="INPUT" source="#mixamorig_Hips-Matrix-animation-input"/>
        <input semantic="OUTPUT" source="#mixamorig_Hips-Matrix-animation-output-transform"/>
        <input semantic="INTERPOLATION" source="#mixamorig_Hips-Interpolations"/>
      </sampler>
      <channel source="#mixamorig_Hips-Matrix-animation-transform" target="mixamorig_Hips/matrix"/>
    </animation>
    <animation id="mixamorig_Spine-anim" name="mixamorig_Spine">
      <source id="mixamorig_Spine-Matrix-animation-input">
        <float_array id="mixamorig_Spine-Matrix-animation-input-array" count="21">

0.000000 0.033333 0.066667 0.100000 0.133333 0.166667 0.200000 0.233333 0.266667 0.300000 0.333333 0.366667 0.400000 0.433333 0.466667 0.500000
0.533333 0.566667 0.600000 0.633333 0.666667</float_array>
        <technique_common>
          <accessor source="#mixamorig_Spine-Matrix-animation-input-array" count="21">
            <param name="TIME" type="float"/>
          </accessor>
        </technique_common>
      </source>
      <source id="mixamorig_Spine-Matrix-animation-output-transform">
        <float_array id="mixamorig_Spine-Matrix-animation-output-transform-array" count="336">

0.980837 -0.144990 -0.130143 0.004700 0.131963 0.985813 -0.103727 5.245300 0.143336 0.084565 0.986055 0.258800 0.000000 0.000000 0.000000 1.000000
0.986973 -0.128486 -0.096829 0.004700 0.118938 0.987987 -0.098664 5.245300 0.108342 0.085862 0.990399 0.258800 0.000000 0.000000 0.000000 1.000000
0.994729 -0.072419 -0.072599 0.004700 0.066662 0.994659 -0.078804 5.245300 0.077918 0.073549 0.994243 0.258800 0.000000 0.000000 0.000000 1.000000
0.998788 -0.009400 -0.048310 0.004700 0.006581 0.998284 -0.058191 5.245300 0.048774 0.057802 0.997136 0.258800 0.000000 0.000000 0.000000 1.000000
0.999480 0.022231 -0.023343 0.004700 -0.023352 0.998531 -0.048895 5.245300 0.022222 0.049415 0.998531 0.258800 0.000000 0.000000 0.000000 1.000000
0.999851 0.014219 -0.009817 0.004700 -0.014709 0.998547 -0.051836 5.245300 0.009066 0.051972 0.998607 0.258800 0.000000 0.000000 0.000000 1.000000
0.999785 -0.004965 -0.020123 0.004700 0.003773 0.998258 -0.058887 5.245300 0.020380 0.058798 0.998062 0.258800 0.000000 0.000000 0.000000 1.000000
0.998353 -0.013773 -0.055692 0.004700 0.010169 0.997867 -0.064489 5.245300 0.056462 0.063816 0.996363 0.258800 0.000000 0.000000 0.000000 1.000000
0.994131 -0.005736 -0.108033 0.004700 -0.001999 0.997448 -0.071362 5.245300 0.108166 0.071159 0.991583 0.258800 0.000000 0.000000 0.000000 1.000000
0.986917 0.004317 -0.161172 0.004700 -0.017752 0.996473 -0.082009 5.245300 0.160250 0.083797 0.983513 0.258800 0.000000 0.000000 0.000000 1.000000
0.978518 -0.015527 -0.205574 0.004700 -0.003589 0.995726 -0.092289 5.245300 0.206128 0.091045 0.974280 0.258800 0.000000 0.000000 0.000000 1.000000
0.966710 -0.073110 -0.245206 0.004700 0.050028 0.993821 -0.099080 5.245300 0.250934 0.083514 0.964395 0.258800 0.000000 0.000000 0.000000 1.000000
0.948200 -0.139225 -0.285540 0.004700 0.113302 0.987947 -0.105464 5.245300 0.296782 0.067649 0.952546 0.258800 0.000000 0.000000 0.000000 1.000000
0.929306 -0.182971 -0.320799 0.004700 0.154822 0.981642 -0.111394 5.245300 0.335292 0.053853 0.940574 0.258800 0.000000 0.000000 0.000000 1.000000
0.921547 -0.182191 -0.342867 0.004700 0.154665 0.982239 -0.106233 5.245300 0.356132 0.044869 0.933358 0.258800 0.000000 0.000000 0.000000 1.000000
0.925983 -0.146721 -0.347892 0.004700 0.123090 0.988377 -0.089212 5.245300 0.356937 0.039787 0.933281 0.258800 0.000000 0.000000 0.000000 1.000000
0.938038 -0.119443 -0.325296 0.004700 0.099060 0.991974 -0.078581 5.245300 0.332071 0.041488 0.942342 0.258800 0.000000 0.000000 0.000000 1.000000
0.953255 -0.124712 -0.275229 0.004700 0.105702 0.990935 -0.082913 5.245300 0.283074 0.049944 0.957797 0.258800 0.000000 0.000000 0.000000 1.000000
0.965973 -0.143782 -0.214997 0.004700 0.126809 0.987760 -0.090832 5.245300 0.225425 0.060478 0.972382 0.258800 0.000000 0.000000 0.000000 1.000000
0.975521 -0.157603 -0.153364 0.004700 0.143961 0.984878 -0.096391 5.245300 0.166236 0.071953 0.983457 0.258800 0.000000 0.000000 0.000000 1.000000
0.980837 -0.144990 -0.130143 0.004700 0.131963 0.985813 -0.103727 5.245300 0.143336 0.084565 0.986055 0.258800 0.000000 0.000000 0.000000 1.000000</float_array>
        <technique_common>
          <accessor source="#mixamorig_Spine-Matrix-animation-output-transform-array" count="21" stride="16">
            <param type="float4x4"/>
          </accessor>
        </technique_common>
      </source>
      <source id="mixamorig_Spine-Interpolations">
        <Name_array id="mixamorig_Spine-Interpolations-array" count="21">
 LINEAR LINEAR LINEAR LINEAR LINEAR LINEAR LINEAR LINEAR LINEAR LINEAR LINEAR
LINEAR LINEAR LINEAR LINEAR LINEAR LINEAR LINEAR LINEAR LINEAR LINEAR</Name_array>
        <technique_common>
          <accessor source="#mixamorig_Spine-Interpolations-array" count="21">
            <param type="name"/>
          </accessor>
        </technique_common>
      </source>
      <sampler id="mixamorig_Spine-Matrix-animation-transform">
        <input semantic="INPUT" source="#mixamorig_Spine-Matrix-animation-input"/>
        <input semantic="OUTPUT" source="#mixamorig_Spine-Matrix-animation-output-transform"/>
        <input semantic="INTERPOLATION" source="#mixamorig_Spine-Interpolations"/>
      </sampler>
      <channel source="#mixamorig_Spine-Matrix-animation-transform" target="mixamorig_Spine/matrix"/>
    </animation>
    <animation id="mixamorig_Spine1-anim" name="mixamorig_Spine1">
      <source id="mixamorig_Spine1-Matrix-animation-input">
        <float_array id="mixamorig_Spine1-Matrix-animation-input-array" count="21">

0.000000 0.033333 0.066667 0.100000 0.133333 0.166667 0.200000 0.233333 0.266667 0.300000 0.333333 0.366667 0.400000 0.433333 0.466667 0.500000
0.533333 0.566667 0.600000 0.633333 0.666667</float_array>
        <technique_common>
          <accessor source="#mixamorig_Spine1-Matrix-animation-input-array" count="21">
            <param name="TIME" type="float"/>
          </accessor>
        </technique_common>
      </source>
      <source id="mixamorig_Spine1-Matrix-animation-output-transform">
        <float_array id="mixamorig_Spine1-Matrix-animation-output-transform-array" count="336">

0.997439 -0.034906 -0.062426 0.000000 0.035716 0.999291 0.011900 11.066900 0.061967 -0.014099 0.997979 0.000000 0.000000 0.000000 0.000000 1.000000
0.998335 -0.031136 -0.048556 0.000000 0.031772 0.999418 0.012384 11.066900 0.048142 -0.013906 0.998744 0.000000 0.000000 0.000000 0.000000 1.000000
0.999193 -0.019290 -0.035236 0.000000 0.019887 0.999663 0.016683 11.066900 0.034902 -0.017370 0.999240 0.000000 0.000000 0.000000 0.000000 1.000000
0.999732 -0.005551 -0.022490 -0.000000 0.006023 0.999762 0.020966 11.066900 0.022368 -0.021095 0.999527 0.000000 0.000000 0.000000 0.000000 1.000000
0.999925 0.000327 -0.012231 0.000000 -0.000046 0.999735 0.023012 11.066900 0.012235 -0.023009 0.999660 0.000000 0.000000 0.000000 0.000000 1.000000
0.999955 -0.003795 -0.008657 0.000000 0.003996 0.999720 0.023307 11.066900 0.008566 -0.023341 0.999691 0.000000 0.000000 0.000000 0.000000 1.000000
0.999835 -0.010203 -0.015050 0.000000 0.010544 0.999685 0.022794 11.066900 0.014813 -0.022948 0.999627 0.000000 0.000000 0.000000 0.000000 1.000000
0.999477 -0.012318 -0.029913 -0.000000 0.012958 0.999690 0.021271 11.066900 0.029642 -0.021647 0.999326 0.000000 0.000000 0.000000 0.000000 1.000000
0.998783 -0.010951 -0.048099 -0.000000 0.011805 0.999777 0.017520 11.066900 0.047896 -0.018067 0.998689 0.000000 0.000000 0.000000 0.000000 1.000000
0.997736 -0.011178 -0.066312 0.000000 0.011987 0.999858 0.011820 11.066900 0.066170 -0.012588 0.997729 -0.000000 0.000000 0.000000 0.000000 1.000000
0.996198 -0.017376 -0.085371 0.000000 0.018143 0.999802 0.008212 11.066900 0.085212 -0.009730 0.996315 0.000000 0.000000 0.000000 0.000000 1.000000
0.993921 -0.029133 -0.106169 -0.000000 0.030271 0.999500 0.009123 11.066900 0.105851 -0.012282 0.994306 0.000000 0.000000 0.000000 0.000000 1.000000
0.991228 -0.040534 -0.125794 0.000000 0.042312 0.999038 0.011494 11.066900 0.125207 -0.016715 0.991990 -0.000000 0.000000 0.000000 0.000000 1.000000
0.989227 -0.045380 -0.139178 0.000000 0.047701 0.998772 0.013381 11.066900 0.138400 -0.019875 0.990177 0.000000 0.000000 0.000000 0.000000 1.000000
0.988640 -0.042940 -0.144040 0.000000 0.045880 0.998800 0.017149 11.066900 0.143131 -0.023563 0.989423 0.000000 0.000000 0.000000 0.000000 1.000000
0.989163 -0.037906 -0.141842 0.000000 0.041541 0.998878 0.022757 11.066900 0.140820 -0.028403 0.989628 0.000000 0.000000 0.000000 0.000000 1.000000
0.990362 -0.035348 -0.133915 0.000000 0.039089 0.998913 0.025408 11.066900 0.132871 -0.030398 0.990667 0.000000 0.000000 0.000000 0.000000 1.000000
0.992243 -0.036412 -0.118863 -0.000000 0.039412 0.998959 0.022988 11.066900 0.117902 -0.027494 0.992645 0.000000 0.000000 0.000000 0.000000 1.000000
0.994622 -0.038864 -0.096000 0.000000 0.040861 0.998986 0.018928 11.066900 0.095167 -0.022748 0.995201 -0.000000 0.000000 0.000000 0.000000 1.000000
0.996606 -0.039293 -0.072335 0.000000 0.040535 0.999053 0.015789 11.066900 0.071646 -0.018668 0.997255 0.000000 0.000000 0.000000 0.000000 1.000000
0.997439 -0.034906 -0.062426 0.000000 0.035716 0.999291 0.011900 11.066900 0.061966 -0.014099 0.997979 0.000000 0.000000 0.000000 0.000000 1.000000</float_array>
        <technique_common>
          <accessor source="#mixamorig_Spine1-Matrix-animation-output-transform-array" count="21" stride="16">
            <param type="float4x4"/>
          </accessor>
        </technique_common>
      </source>
      <source id="mixamorig_Spine1-Interpolations">
        <Name_array id="mixamorig_Spine1-Interpolations-array" count="21">
 LINEAR LINEAR LINEAR LINEAR LINEAR LINEAR LINEAR LINEAR LINEAR LINEAR LINEAR
LINEAR LINEAR LINEAR LINEAR LINEAR LINEAR LINEAR LINEAR LINEAR LINEAR</Name_array>
        <technique_common>
          <accessor source="#mixamorig_Spine1-Interpolations-array" count="21">
            <param type="name"/>
          </accessor>
        </technique_common>
      </source>
      <sampler id="mixamorig_Spine1-Matrix-animation-transform">
        <input semantic="INPUT" source="#mixamorig_Spine1-Matrix-animation-input"/>
        <input semantic="OUTPUT" source="#mixamorig_Spine1-Matrix-animation-output-transform"/>
        <input semantic="INTERPOLATION" source="#mixamorig_Spine1-Interpolations"/>
      </sampler>
      <channel source="#mixamorig_Spine1-Matrix-animation-transform" target="mixamorig_Spine1/matrix"/>
    </animation>
    <animation id="mixamorig_Spine2-anim" name="mixamorig_Spine2">
      <source id="mixamorig_Spine2-Matrix-animation-input">
        <float_array id="mixamorig_Spine2-Matrix-animation-input-array" count="21">

0.000000 0.033333 0.066667 0.100000 0.133333 0.166667 0.200000 0.233333 0.266667 0.300000 0.333333 0.366667 0.400000 0.433333 0.466667 0.500000
0.533333 0.566667 0.600000 0.633333 0.666667</float_array>
        <technique_common>
          <accessor source="#mixamorig_Spine2-Matrix-animation-input-array" count="21">
            <param name="TIME" type="float"/>
          </accessor>
        </technique_common>
      </source>
      <source id="mixamorig_Spine2-Matrix-animation-output-transform">
        <float_array id="mixamorig_Spine2-Matrix-animation-output-transform-array" count="336">

0.997419 -0.043780 -0.056902 0.000000 0.032145 0.981003 -0.191310 8.141900 0.064197 0.188987 0.979879 0.000000 0.000000 0.000000 0.000000 1.000000
0.998317 -0.037981 -0.043818 0.000000 0.028948 0.981176 -0.190935 8.141900 0.050245 0.189345 0.980624 0.000000 0.000000 0.000000 0.000000 1.000000
0.999179 -0.024211 -0.032487 -0.000000 0.017727 0.982238 -0.186800 8.141900 0.036433 0.186071 0.981861 -0.000000 0.000000 0.000000 0.000000 1.000000
0.999722 -0.008683 -0.021934 0.000000 0.004531 0.983161 -0.182683 8.141900 0.023151 0.182533 0.982927 -0.000000 0.000000 0.000000 0.000000 1.000000
0.999920 -0.001396 -0.012609 -0.000000 -0.000906 0.983526 -0.180765 8.141900 0.012653 0.180762 0.983446 -0.000000 0.000000 0.000000 0.000000 1.000000
0.999952 -0.005027 -0.008407 -0.000000 0.003427 0.983564 -0.180529 8.141900 0.009176 0.180491 0.983534 0.000000 0.000000 0.000000 0.000000 1.000000
0.999830 -0.012305 -0.013735 0.000000 0.009617 0.983435 -0.181007 8.141900 0.015735 0.180844 0.983386 0.000000 0.000000 0.000000 0.000000 1.000000
0.999470 -0.016480 -0.028073 0.000000 0.011088 0.983157 -0.182426 8.141900 0.030606 0.182018 0.982819 0.000000 0.000000 0.000000 0.000000 1.000000
0.998775 -0.017707 -0.046196 -0.000000 0.008813 0.982501 -0.186048 8.141900 0.048682 0.185413 0.981454 -0.000000 0.000000 0.000000 0.000000 1.000000
0.997731 -0.020637 -0.064092 -0.000000 0.007989 0.981434 -0.191632 8.141900 0.066857 0.190685 0.979372 0.000000 0.000000 0.000000 0.000000 1.000000
0.996192 -0.029670 -0.081977 0.000000 0.013152 0.980691 -0.195120 8.141900 0.086183 0.193299 0.977347 -0.000000 0.000000 0.000000 0.000000 1.000000
0.993908 -0.044350 -0.100898 -0.000000 0.024073 0.980718 -0.193937 8.141900 0.107554 0.190327 0.975811 0.000000 0.000000 0.000000 0.000000 1.000000
0.991195 -0.058343 -0.118861 0.000000 0.034833 0.980965 -0.191036 8.141900 0.127744 0.185214 0.974360 -0.000000 0.000000 0.000000 0.000000 1.000000
0.989174 -0.065013 -0.131562 0.000000 0.039399 0.981251 -0.188665 8.141900 0.141361 0.181439 0.973189 0.000000 0.000000 0.000000 0.000000 1.000000
0.988583 -0.063577 -0.136609 -0.000000 0.037600 0.982031 -0.184936 8.141900 0.145912 0.177688 0.973210 0.000000 0.000000 0.000000 0.000000 1.000000
0.989125 -0.058779 -0.134820 0.000000 0.033907 0.983109 -0.179850 8.141900 0.143114 0.173323 0.974411 0.000000 0.000000 0.000000 0.000000 1.000000
0.990342 -0.055393 -0.127098 0.000000 0.032210 0.983560 -0.177688 8.141900 0.134852 0.171878 0.975845 0.000000 0.000000 0.000000 0.000000 1.000000
0.992223 -0.054101 -0.112099 -0.000000 0.033237 0.983059 -0.180253 8.141900 0.119952 0.175125 0.977212 -0.000000 0.000000 0.000000 0.000000 1.000000
0.994599 -0.052806 -0.089357 0.000000 0.035596 0.982233 -0.184258 8.141900 0.097500 0.180082 0.978808 0.000000 0.000000 0.000000 0.000000 1.000000
0.996585 -0.049529 -0.066066 0.000000 0.036363 0.981615 -0.187377 8.141900 0.074132 0.184335 0.980064 -0.000000 0.000000 0.000000 0.000000 1.000000
0.997419 -0.043780 -0.056903 0.000000 0.032145 0.981003 -0.191310 8.141900 0.064197 0.188987 0.979879 0.000000 0.000000 0.000000 0.000000 1.000000</float_array>
        <technique_common>
          <accessor source="#mixamorig_Spine2-Matrix-animation-output-transform-array" count="21" stride="16">
            <param type="float4x4"/>
          </accessor>
        </technique_common>
      </source>
      <source id="mixamorig_Spine2-Interpolations">
        <Name_array id="mixamorig_Spine2-Interpolations-array" count="21">
 LINEAR LINEAR LINEAR LINEAR LINEAR LINEAR LINEAR LINEAR LINEAR LINEAR LINEAR
LINEAR LINEAR LINEAR LINEAR LINEAR LINEAR LINEAR LINEAR LINEAR LINEAR</Name_array>
        <technique_common>
          <accessor source="#mixamorig_Spine2-Interpolations-array" count="21">
            <param type="name"/>
          </accessor>
        </technique_common>
      </source>
      <sampler id="mixamorig_Spine2-Matrix-animation-transform">
        <input semantic="INPUT" source="#mixamorig_Spine2-Matrix-animation-input"/>
        <input semantic="OUTPUT" source="#mixamorig_Spine2-Matrix-animation-output-transform"/>
        <input semantic="INTERPOLATION" source="#mixamorig_Spine2-Interpolations"/>
      </sampler>
      <channel source="#mixamorig_Spine2-Matrix-animation-transform" target="mixamorig_Spine2/matrix"/>
    </animation>
    <animation id="mixamorig_Neck-anim" name="mixamorig_Neck">
      <source id="mixamorig_Neck-Matrix-animation-input">
        <float_array id="mixamorig_Neck-Matrix-animation-input-array" count="21">

0.000000 0.033333 0.066667 0.100000 0.133333 0.166667 0.200000 0.233333 0.266667 0.300000 0.333333 0.366667 0.400000 0.433333 0.466667 0.500000
0.533333 0.566667 0.600000 0.633333 0.666667</float_array>
        <technique_common>
          <accessor source="#mixamorig_Neck-Matrix-animation-input-array" count="21">
            <param name="TIME" type="float"/>
          </accessor>
        </technique_common>
      </source>
      <source id="mixamorig_Neck-Matrix-animation-output-transform">
        <float_array id="mixamorig_Neck-Matrix-animation-output-transform-array" count="336">

0.992070 0.039773 -0.119226 -0.112200 -0.037691 0.999096 0.019665 18.919500 0.119900 -0.015015 0.992672 -3.736100 0.000000 0.000000 0.000000 1.000000
0.990544 0.038164 -0.131777 -0.112200 -0.036100 0.999186 0.018017 18.919500 0.132357 -0.013089 0.991116 -3.736100 0.000000 0.000000 0.000000 1.000000
0.988800 0.030075 -0.146187 -0.112200 -0.028269 0.999496 0.014416 18.919500 0.146547 -0.010122 0.989152 -3.736100 0.000000 0.000000 0.000000 1.000000
0.986532 0.018439 -0.162529 -0.112200 -0.015727 0.999715 0.017959 18.919500 0.162814 -0.015161 0.986540 -3.736100 0.000000 0.000000 0.000000 1.000000
0.984193 0.010961 -0.176761 -0.112200 -0.005711 0.999528 0.030181 18.919500 0.177008 -0.028694 0.983791 -3.736100 0.000000 0.000000 0.000000 1.000000
0.983164 0.010090 -0.182445 -0.112200 -0.002809 0.999191 0.040122 18.919500 0.182702 -0.038934 0.982397 -3.736100 0.000000 0.000000 0.000000 1.000000
0.984207 0.012461 -0.176585 -0.112200 -0.005724 0.999238 0.038611 18.919500 0.176931 -0.036991 0.983528 -3.736100 0.000000 0.000000 0.000000 1.000000
0.986604 0.016241 -0.162325 -0.112200 -0.011353 0.999455 0.030996 18.919500 0.162740 -0.028738 0.986250 -3.736100 0.000000 0.000000 0.000000 1.000000
0.989106 0.020773 -0.145729 -0.112200 -0.016597 0.999418 0.029817 18.919500 0.146263 -0.027074 0.988875 -3.736100 0.000000 0.000000 0.000000 1.000000
0.991079 0.025747 -0.130762 -0.112200 -0.020870 0.999040 0.038525 18.919500 0.131628 -0.035452 0.990665 -3.736100 0.000000 0.000000 0.000000 1.000000
0.992608 0.034642 -0.116314 -0.112200 -0.029506 0.998524 0.045590 18.919500 0.117721 -0.041821 0.992166 -3.736100 0.000000 0.000000 0.000000 1.000000
0.993866 0.049054 -0.099117 -0.112200 -0.045321 0.998188 0.039575 18.919500 0.100879 -0.034840 0.994289 -3.736100 0.000000 0.000000 0.000000 1.000000
0.994908 0.061725 -0.079669 -0.112200 -0.060060 0.997927 0.023128 18.919500 0.080932 -0.018225 0.996553 -3.736100 0.000000 0.000000 0.000000 1.000000
0.995863 0.065412 -0.063065 -0.112200 -0.065248 0.997858 0.004662 18.919500 0.063235 -0.000528 0.997999 -3.736100 0.000000 0.000000 0.000000 1.000000
0.996484 0.064292 -0.053731 -0.112200 -0.064972 0.997827 -0.010991 18.919500 0.052907 0.014443 0.998495 -3.736100 0.000000 0.000000 0.000000 1.000000
0.996368 0.067100 -0.052432 -0.112200 -0.068225 0.997470 -0.019972 18.919500 0.050959 0.023477 0.998425 -3.736100 0.000000 0.000000 0.000000 1.000000
0.995586 0.072476 -0.059624 -0.112200 -0.073612 0.997140 -0.017095 18.919500 0.058214 0.021409 0.998075 -3.736100 0.000000 0.000000 0.000000 1.000000
0.994637 0.068842 -0.077193 -0.112200 -0.069228 0.997598 -0.002336 18.919500 0.076847 0.007668 0.997013 -3.736100 0.000000 0.000000 0.000000 1.000000
0.993458 0.051860 -0.101740 -0.112200 -0.050658 0.998613 0.014361 18.919500 0.102343 -0.009113 0.994707 -3.736100 0.000000 0.000000 0.000000 1.000000
0.992123 0.035070 -0.120255 -0.112200 -0.032641 0.999222 0.022114 18.919500 0.120937 -0.018015 0.992497 -3.736100 0.000000 0.000000 0.000000 1.000000
0.992070 0.039773 -0.119226 -0.112200 -0.037691 0.999096 0.019665 18.919500 0.119900 -0.015015 0.992672 -3.736100 0.000000 0.000000 0.000000 1.000000</float_array>
        <technique_common>
          <accessor source="#mixamorig_Neck-Matrix-animation-output-transform-array" count="21" stride="16">
            <param type="float4x4"/>
          </accessor>
        </technique_common>
      </source>
      <source id="mixamorig_Neck-Interpolations">
        <Name_array id="mixamorig_Neck-Interpolations-array" count="21">
 LINEAR LINEAR LINEAR LINEAR LINEAR LINEAR LINEAR LINEAR LINEAR LINEAR LINEAR
LINEAR LINEAR LINEAR LINEAR LINEAR LINEAR LINEAR LINEAR LINEAR LINEAR</Name_array>
        <technique_common>
          <accessor source="#mixamorig_Neck-Interpolations-array" count="21">
            <param type="name"/>
          </accessor>
        </technique_common>
      </source>
      <sampler id="mixamorig_Neck-Matrix-animation-transform">
        <input semantic="INPUT" source="#mixamorig_Neck-Matrix-animation-input"/>
        <input semantic="OUTPUT" source="#mixamorig_Neck-Matrix-animation-output-transform"/>
        <input semantic="INTERPOLATION" source="#mixamorig_Neck-Interpolations"/>
      </sampler>
      <channel source="#mixamorig_Neck-Matrix-animation-transform" target="mixamorig_Neck/matrix"/>
    </animation>
    <animation id="mixamorig_Head-anim" name="mixamorig_Head">
      <source id="mixamorig_Head-Matrix-animation-input">
        <float_array id="mixamorig_Head-Matrix-animation-input-array" count="21">

0.000000 0.033333 0.066667 0.100000 0.133333 0.166667 0.200000 0.233333 0.266667 0.300000 0.333333 0.366667 0.400000 0.433333 0.466667 0.500000
0.533333 0.566667 0.600000 0.633333 0.666667</float_array>
        <technique_common>
          <accessor source="#mixamorig_Head-Matrix-animation-input-array" count="21">
            <param name="TIME" type="float"/>
          </accessor>
        </technique_common>
      </source>
      <source id="mixamorig_Head-Matrix-animation-output-transform">
        <float_array id="mixamorig_Head-Matrix-animation-output-transform-array" count="336">

0.654083 -0.194416 -0.731011 0.000000 0.480878 0.852856 0.203452 8.673000 0.583893 -0.484602 0.651329 3.319300 0.000000 0.000000 0.000000 1.000000
0.630285 -0.178174 -0.755642 0.000000 0.464745 0.866244 0.183393 8.673000 0.621895 -0.466771 0.628786 3.319300 0.000000 0.000000 0.000000 1.000000
0.585422 -0.189949 -0.788163 0.000000 0.458485 0.879345 0.128625 8.673000 0.668635 -0.436660 0.601877 3.319300 0.000000 0.000000 0.000000 1.000000
0.530484 -0.204169 -0.822740 0.000000 0.461808 0.883498 0.078517 8.673000 0.710859 -0.421600 0.562968 3.319300 0.000000 0.000000 0.000000 1.000000
0.491521 -0.197205 -0.848244 0.000000 0.467738 0.881390 0.066123 8.673000 0.734594 -0.429257 0.525462 3.319300 0.000000 0.000000 0.000000 1.000000
0.487497 -0.176007 -0.855200 0.000000 0.468247 0.879409 0.085929 8.673000 0.736947 -0.442336 0.511125 3.319300 0.000000 0.000000 0.000000 1.000000
0.513621 -0.162414 -0.842505 0.000000 0.461663 0.879981 0.111807 8.673000 0.723230 -0.446380 0.526957 3.319300 0.000000 0.000000 0.000000 1.000000
0.550338 -0.166138 -0.818246 -0.000000 0.459658 0.878411 0.130803 8.673000 0.697025 -0.448099 0.559789 3.319300 0.000000 0.000000 0.000000 1.000000
0.581661 -0.184052 -0.792335 -0.000000 0.474955 0.867624 0.147129 8.673000 0.660370 -0.461903 0.592079 3.319300 0.000000 0.000000 0.000000 1.000000
0.606213 -0.204131 -0.768659 -0.000000 0.496519 0.852145 0.165284 8.673000 0.621269 -0.481851 0.617936 3.319300 0.000000 0.000000 0.000000 1.000000
0.634097 -0.213348 -0.743239 0.000000 0.497786 0.848155 0.181224 8.673000 0.591718 -0.484888 0.644014 3.319300 0.000000 0.000000 0.000000 1.000000
0.672061 -0.211160 -0.709750 0.000000 0.473257 0.859664 0.192366 8.673000 0.569527 -0.465176 0.677680 3.319300 0.000000 0.000000 0.000000 1.000000
0.714459 -0.209969 -0.667429 -0.000000 0.443222 0.873926 0.199521 8.673000 0.541390 -0.438368 0.717447 3.319300 0.000000 0.000000 0.000000 1.000000
0.748418 -0.219358 -0.625901 0.000000 0.425117 0.883023 0.198860 8.673000 0.509064 -0.414912 0.754123 3.319300 0.000000 0.000000 0.000000 1.000000
0.766060 -0.233559 -0.598834 0.000000 0.416105 0.890283 0.185073 8.673000 0.489906 -0.390955 0.779196 3.319300 0.000000 0.000000 0.000000 1.000000
0.768529 -0.239277 -0.593389 -0.000000 0.405661 0.899425 0.162710 8.673000 0.494776 -0.365762 0.788299 3.319300 0.000000 0.000000 0.000000 1.000000
0.757203 -0.229354 -0.611589 0.000000 0.394207 0.907041 0.147912 8.673000 0.520812 -0.353092 0.777226 3.319300 0.000000 0.000000 0.000000 1.000000
0.729429 -0.206974 -0.651994 -0.000000 0.394444 0.905977 0.153689 8.673000 0.558881 -0.369280 0.742485 3.319300 0.000000 0.000000 0.000000 1.000000
0.689346 -0.184603 -0.700517 0.000000 0.416351 0.892287 0.174573 8.673000 0.592835 -0.412002 0.691954 3.319300 0.000000 0.000000 0.000000 1.000000
0.657982 -0.177283 -0.731868 0.000000 0.451163 0.870958 0.194640 8.673000 0.602919 -0.458262 0.653058 3.319300 0.000000 0.000000 0.000000 1.000000
0.654083 -0.194416 -0.731011 -0.000000 0.480878 0.852856 0.203452 8.673000 0.583893 -0.484602 0.651329 3.319300 0.000000 0.000000 0.000000 1.000000</float_array>
        <technique_common>
          <accessor source="#mixamorig_Head-Matrix-animation-output-transform-array" count="21" stride="16">
            <param type="float4x4"/>
          </accessor>
        </technique_common>
      </source>
      <source id="mixamorig_Head-Interpolations">
        <Name_array id="mixamorig_Head-Interpolations-array" count="21">
 LINEAR LINEAR LINEAR LINEAR LINEAR LINEAR LINEAR LINEAR LINEAR LINEAR LINEAR
LINEAR LINEAR LINEAR LINEAR LINEAR LINEAR LINEAR LINEAR LINEAR LINEAR</Name_array>
        <technique_common>
          <accessor source="#mixamorig_Head-Interpolations-array" count="21">
            <param type="name"/>
          </accessor>
        </technique_common>
      </source>
      <sampler id="mixamorig_Head-Matrix-animation-transform">
        <input semantic="INPUT" source="#mixamorig_Head-Matrix-animation-input"/>
        <input semantic="OUTPUT" source="#mixamorig_Head-Matrix-animation-output-transform"/>
        <input semantic="INTERPOLATION" source="#mixamorig_Head-Interpolations"/>
      </sampler>
      <channel source="#mixamorig_Head-Matrix-animation-transform" target="mixamorig_Head/matrix"/>
    </animation>
    <animation id="mixamorig_LeftShoulder-anim" name="mixamorig_LeftShoulder">
      <source id="mixamorig_LeftShoulder-Matrix-animation-input">
        <float_array id="mixamorig_LeftShoulder-Matrix-animation-input-array" count="21">

0.000000 0.033333 0.066667 0.100000 0.133333 0.166667 0.200000 0.233333 0.266667 0.300000 0.333333 0.366667 0.400000 0.433333 0.466667 0.500000
0.533333 0.566667 0.600000 0.633333 0.666667</float_array>
        <technique_common>
          <accessor source="#mixamorig_LeftShoulder-Matrix-animation-input-array" count="21">
            <param name="TIME" type="float"/>
          </accessor>
        </technique_common>
      </source>
      <source id="mixamorig_LeftShoulder-Matrix-animation-output-transform">
        <float_array id="mixamorig_LeftShoulder-Matrix-animation-output-transform-array" count="336">

0.202588 0.905479 -0.372915 6.339200 0.008489 -0.382421 -0.923949 14.952900 -0.979227 0.184016 -0.085160 -4.642900 0.000000 0.000000 0.000000 1.000000
0.198292 0.908690 -0.367374 6.339200 0.009054 -0.376499 -0.926373 14.952900 -0.980101 0.180366 -0.082884 -4.642900 0.000000 0.000000 0.000000 1.000000
0.193413 0.913561 -0.357767 6.339200 0.009805 -0.366435 -0.930392 14.952900 -0.981068 0.176442 -0.079831 -4.642900 0.000000 0.000000 0.000000 1.000000
0.204775 0.915314 -0.346797 6.339200 0.010442 -0.356328 -0.934303 14.952900 -0.978753 0.187701 -0.082525 -4.642900 0.000000 0.000000 0.000000 1.000000
0.228733 0.912176 -0.340024 6.339200 0.010910 -0.351664 -0.936063 14.952900 -0.973428 0.210399 -0.090389 -4.642900 0.000000 0.000000 0.000000 1.000000
0.249815 0.906423 -0.340573 6.339200 0.010765 -0.354303 -0.935069 14.952900 -0.968234 0.229927 -0.098268 -4.642900 0.000000 0.000000 0.000000 1.000000
0.260893 0.900325 -0.348354 6.339200 0.009848 -0.363314 -0.931615 14.952900 -0.965318 0.239621 -0.103652 -4.642900 0.000000 0.000000 0.000000 1.000000
0.264925 0.892946 -0.363953 6.339200 0.008096 -0.379486 -0.925162 14.952900 -0.964235 0.242152 -0.107765 -4.642900 0.000000 0.000000 0.000000 1.000000
0.264982 0.884561 -0.383845 6.339200 0.005923 -0.399560 -0.916688 14.952900 -0.964235 0.240632 -0.111116 -4.642900 0.000000 0.000000 0.000000 1.000000
0.265365 0.878916 -0.396344 6.339200 0.004558 -0.412221 -0.911072 14.952900 -0.964137 0.239960 -0.113395 -4.642900 0.000000 0.000000 0.000000 1.000000
0.270951 0.880069 -0.389953 6.339200 0.005043 -0.406399 -0.913682 14.952900 -0.962580 0.245596 -0.114552 -4.642900 0.000000 0.000000 0.000000 1.000000
0.278794 0.887669 -0.366494 6.339200 0.007649 -0.383665 -0.923441 14.952900 -0.960320 0.254646 -0.113754 -4.642900 0.000000 0.000000 0.000000 1.000000
0.277502 0.898409 -0.340372 6.339200 0.011070 -0.357253 -0.933942 14.952900 -0.960661 0.255403 -0.109084 -4.642900 0.000000 0.000000 0.000000 1.000000
0.261324 0.909315 -0.323815 6.339200 0.013109 -0.338785 -0.940772 14.952900 -0.965162 0.241602 -0.100453 -4.642900 0.000000 0.000000 0.000000 1.000000
0.239079 0.916937 -0.319480 6.339200 0.013307 -0.332084 -0.943156 14.952900 -0.970909 0.221238 -0.091596 -4.642900 0.000000 0.000000 0.000000 1.000000
0.224456 0.918918 -0.324358 6.339200 0.012657 -0.335572 -0.941929 14.952900 -0.974402 0.207317 -0.086952 -4.642900 0.000000 0.000000 0.000000 1.000000
0.222507 0.915585 -0.334953 6.339200 0.011740 -0.346058 -0.938140 14.952900 -0.974860 0.204811 -0.087749 -4.642900 0.000000 0.000000 0.000000 1.000000
0.230812 0.908932 -0.347231 6.339200 0.010717 -0.359220 -0.933191 14.952900 -0.972939 0.211671 -0.092653 -4.642900 0.000000 0.000000 0.000000 1.000000
0.241928 0.902379 -0.356626 6.339200 0.009797 -0.369797 -0.929061 14.952900 -0.970245 0.221272 -0.098305 -4.642900 0.000000 0.000000 0.000000 1.000000
0.238929 0.900627 -0.363021 6.339200 0.009130 -0.375916 -0.926609 14.952900 -0.970994 0.218079 -0.098040 -4.642900 0.000000 0.000000 0.000000 1.000000
0.202589 0.905479 -0.372914 6.339200 0.008488 -0.382420 -0.923949 14.952900 -0.979227 0.184016 -0.085160 -4.642900 0.000000 0.000000 0.000000 1.000000</float_array>
        <technique_common>
          <accessor source="#mixamorig_LeftShoulder-Matrix-animation-output-transform-array" count="21" stride="16">
            <param type="float4x4"/>
          </accessor>
        </technique_common>
      </source>
      <source id="mixamorig_LeftShoulder-Interpolations">
        <Name_array id="mixamorig_LeftShoulder-Interpolations-array" count="21">
 LINEAR LINEAR LINEAR LINEAR LINEAR LINEAR LINEAR LINEAR LINEAR LINEAR LINEAR
LINEAR LINEAR LINEAR LINEAR LINEAR LINEAR LINEAR LINEAR LINEAR LINEAR</Name_array>
        <technique_common>
          <accessor source="#mixamorig_LeftShoulder-Interpolations-array" count="21">
            <param type="name"/>
          </accessor>
        </technique_common>
      </source>
      <sampler id="mixamorig_LeftShoulder-Matrix-animation-transform">
        <input semantic="INPUT" source="#mixamorig_LeftShoulder-Matrix-animation-input"/>
        <input semantic="OUTPUT" source="#mixamorig_LeftShoulder-Matrix-animation-output-transform"/>
        <input semantic="INTERPOLATION" source="#mixamorig_LeftShoulder-Interpolations"/>
      </sampler>
      <channel source="#mixamorig_LeftShoulder-Matrix-animation-transform" target="mixamorig_LeftShoulder/matrix"/>
    </animation>
    <animation id="mixamorig_LeftArm-anim" name="mixamorig_LeftArm">
      <source id="mixamorig_LeftArm-Matrix-animation-input">
        <float_array id="mixamorig_LeftArm-Matrix-animation-input-array" count="21">

0.000000 0.033333 0.066667 0.100000 0.133333 0.166667 0.200000 0.233333 0.266667 0.300000 0.333333 0.366667 0.400000 0.433333 0.466667 0.500000
0.533333 0.566667 0.600000 0.633333 0.666667</float_array>
        <technique_common>
          <accessor source="#mixamorig_LeftArm-Matrix-animation-input-array" count="21">
            <param name="TIME" type="float"/>
          </accessor>
        </technique_common>
      </source>
      <source id="mixamorig_LeftArm-Matrix-animation-output-transform">
        <float_array id="mixamorig_LeftArm-Matrix-animation-output-transform-array" count="336">

0.905186 0.420872 0.059204 0.000000 -0.243814 0.628303 -0.738776 9.143700 -0.348128 0.654295 0.671346 0.000000 0.000000 0.000000 0.000000 1.000000
0.921657 0.387924 0.007998 0.000000 -0.227923 0.557966 -0.797950 9.143700 -0.314007 0.733613 0.602671 -0.000000 0.000000 0.000000 0.000000 1.000000
0.900487 0.430923 -0.058557 0.000000 -0.290103 0.494916 -0.819084 9.143700 -0.323981 0.754562 0.570677 0.000000 0.000000 0.000000 0.000000 1.000000
0.862544 0.488211 -0.132924 -0.000000 -0.387281 0.467943 -0.794382 9.143700 -0.325625 0.736668 0.592696 0.000000 0.000000 0.000000 0.000000 1.000000
0.838142 0.512247 -0.187405 0.000000 -0.460512 0.480422 -0.746407 9.143700 -0.292311 0.711897 0.638558 0.000000 0.000000 0.000000 0.000000 1.000000
0.847394 0.491941 -0.199794 0.000000 -0.467690 0.513408 -0.719499 9.143700 -0.251375 0.703141 0.665135 0.000000 0.000000 0.000000 0.000000 1.000000
0.878346 0.445937 -0.172187 -0.000000 -0.418558 0.543457 -0.727643 9.143700 -0.230907 0.711193 0.663993 -0.000000 0.000000 0.000000 0.000000 1.000000
0.914869 0.383277 -0.126939 0.000000 -0.344809 0.578125 -0.739512 9.143700 -0.210051 0.720327 0.661066 0.000000 0.000000 0.000000 0.000000 1.000000
0.950874 0.296336 -0.089581 -0.000000 -0.267071 0.638875 -0.721465 9.143700 -0.156565 0.709947 0.686632 0.000000 0.000000 0.000000 0.000000 1.000000
0.981588 0.174628 -0.077394 0.000000 -0.181299 0.724224 -0.665305 9.143700 -0.060130 0.667087 0.742550 -0.000000 0.000000 0.000000 0.000000 1.000000
0.995039 0.029760 -0.094925 0.000000 -0.080191 0.804634 -0.588332 9.143700 0.058871 0.593025 0.803029 0.000000 0.000000 0.000000 0.000000 1.000000
0.986409 -0.087231 -0.139240 -0.000000 0.002682 0.855870 -0.517184 9.143700 0.164285 0.509781 0.844472 -0.000000 0.000000 0.000000 0.000000 1.000000
0.968748 -0.120519 -0.216801 -0.000000 0.007058 0.887069 -0.461584 9.143700 0.247947 0.445628 0.860197 -0.000000 0.000000 0.000000 0.000000 1.000000
0.939575 -0.050420 -0.338611 -0.000000 -0.098258 0.907763 -0.407814 9.143700 0.327940 0.416443 0.847957 0.000000 0.000000 0.000000 0.000000 1.000000
0.875843 0.071670 -0.477245 0.000000 -0.262365 0.900717 -0.346229 9.143700 0.405048 0.428454 0.807690 0.000000 0.000000 0.000000 0.000000 1.000000
0.815603 0.165088 -0.554560 0.000000 -0.383430 0.871988 -0.304334 9.143700 0.433328 0.460851 0.774496 0.000000 0.000000 0.000000 0.000000 1.000000
0.840010 0.214040 -0.498568 0.000000 -0.411386 0.850381 -0.328045 9.143700 0.353758 0.480665 0.802381 0.000000 0.000000 0.000000 0.000000 1.000000
0.924212 0.238162 -0.298516 -0.000000 -0.352919 0.831290 -0.429425 9.143700 0.145881 0.502232 0.852339 0.000000 0.000000 0.000000 0.000000 1.000000
