<?xml version="1.0" encoding="utf-8"?>
<COLLADA xmlns="http://www.collada.org/2005/11/COLLADASchema" version="1.4.1">
  <asset>
    <contributor>
      <author>Mixamo</author>
      <authoring_tool>COLLADA Mixamo exporter</authoring_tool>
      <comments/>
    </contributor>
    <created>2023-05-08T20:20:20Z</created>
    <modified>2023-05-08T20:20:20Z</modified>
    <revision/>
    <title/>
    <unit meter="0.010000"/>
    <up_axis>Y_UP</up_axis>
  </asset>
  <library_animations>
    <animation id="mixamorig_Hips-anim" name="mixamorig_Hips">
      <source id="mixamorig_Hips-Matrix-animation-input">
        <float_array id="mixamorig_Hips-Matrix-animation-input-array" count="21">

0.000000 0.033333 0.066667 0.100000 0.133333 0.166667 0.200000 0.233333 0.266667 0.300000 0.333333 0.366667 0.400000 0.433333 0.466667 0.500000
0.533333 0.566667 0.600000 0.633333 0.666667</float_array>
        <technique_common>
          <accessor source="#mixamorig_Hips-Matrix-animation-input-array" count="21">
            <param name="TIME" type="float"/>
          </accessor>
        </technique_common>
      </source>
      <source id="mixamorig_Hips-Matrix-animation-output-transform">
        <float_array id="mixamorig_Hips-Matrix-animation-output-transform-array" count="336">

0.145791 -0.108640 -0.983332 -1.318189 -0.039409 0.992526 -0.115499 94.459633 0.988530 0.055591 0.140420 0.528928 0.000000 0.000000 0.000000 1.000000
0.158772 -0.118498 -0.980179 -1.106052 -0.045892 0.990813 -0.127217 94.709160 0.986248 0.065181 0.151875 0.523755 0.000000 0.000000 0.000000 1.000000
0.200551 -0.125094 -0.971664 -1.992127 -0.026885 0.990738 -0.133099 96.682274 0.979314 0.052816 0.195330 1.009269 0.000000 0.000000 0.000000 1.000000
0.249793 -0.142753 -0.957719 -2.925990 0.021927 0.989653 -0.141794 98.828537 0.968051 0.014419 0.250338 1.643488 0.000000 0.000000 0.000000 1.000000
0.283469 -0.170841 -0.943641 -3.564971 0.061813 0.985212 -0.159799 100.561798 0.956987 -0.013031 0.289837 2.203428 0.000000 0.000000 0.000000 1.000000
0.289370 -0.188573 -0.938459 -4.128600 0.070282 0.981943 -0.175639 101.211609 0.954634 -0.015133 0.297398 2.559500 0.000000 0.000000 0.000000 1.000000
0.274632 -0.179523 -0.944642 -4.813112 0.053092 0.983749 -0.171520 100.739403 0.960083 -0.003048 0.279700 2.856406 0.000000 0.000000 0.000000 1.000000
0.258124 -0.152459 -0.954006 -5.272659 0.040611 0.988309 -0.146953 99.453979 0.965258 -0.000811 0.261298 3.445035 0.000000 0.000000 0.000000 1.000000
0.261533 -0.133115 -0.955971 -5.063240 0.054734 0.990896 -0.123004 97.766373 0.963642 -0.020154 0.266437 4.456111 0.000000 0.000000 0.000000 1.000000
0.286591 -0.142802 -0.947351 -3.981946 0.094786 0.988204 -0.120285 96.072639 0.953353 -0.055322 0.296746 5.562796 0.000000 0.000000 0.000000 1.000000
0.317283 -0.181149 -0.930869 -2.406205 0.141687 0.979624 -0.142343 94.672913 0.937687 -0.086729 0.336485 6.465724 0.000000 0.000000 0.000000 1.000000
0.302280 -0.198592 -0.932303 -1.873182 0.156111 0.975165 -0.157106 95.344681 0.940349 -0.098053 0.325775 6.418481 0.000000 0.000000 0.000000 1.000000
0.276517 -0.198571 -0.940270 -2.126084 0.142789 0.976049 -0.164135 96.844170 0.950342 -0.088874 0.298247 5.972232 0.000000 0.000000 0.000000 1.000000
0.235090 -0.190601 -0.953102 -2.825862 0.105090 0.979821 -0.170023 98.862694 0.966276 -0.060191 0.250376 5.204585 0.000000 0.000000 0.000000 1.000000
0.185417 -0.187742 -0.964559 -3.636706 0.061613 0.981869 -0.179268 100.574081 0.980726 -0.026190 0.193623 4.299224 0.000000 0.000000 0.000000 1.000000
0.148510 -0.188196 -0.970838 -4.342041 0.036213 0.982101 -0.184839 101.184784 0.988248 -0.007706 0.152667 3.535847 0.000000 0.000000 0.000000 1.000000
0.140280 -0.176209 -0.974306 -4.787365 0.033008 0.984321 -0.173268 100.640656 0.989562 -0.007854 0.143897 3.003371 0.000000 0.000000 0.000000 1.000000
0.152950 -0.147292 -0.977196 -4.746625 0.035102 0.989016 -0.143580 99.345108 0.987610 -0.012341 0.156440 2.480628 0.000000 0.000000 0.000000 1.000000
0.161765 -0.116517 -0.979926 -3.939685 0.021931 0.993184 -0.114474 97.597595 0.986586 -0.002973 0.163218 1.772463 0.000000 0.000000 0.000000 1.000000
0.154447 -0.102967 -0.982621 -2.535599 -0.009058 0.994365 -0.105621 95.670807 0.987959 0.025213 0.152644 1.026816 0.000000 0.000000 0.000000 1.000000
0.145791 -0.108640 -0.983332 -1.318191 -0.039409 0.992526 -0.115499 94.459633 0.988530 0.055591 0.140420 0.528927 0.000000 0.000000 0.000000 1.000000</float_array>
        <technique_common>
          <accessor source="#mixamorig_Hips-Matrix-animation-output-transform-array" count="21" stride="16">
            <param type="float4x4"/>
          </accessor>
        </technique_common>
      </source>
      <source id="mixamorig_Hips-Interpolations">
        <Name_array id="mixamorig_Hips-Interpolations-array" count="21">
 LINEAR LINEAR LINEAR LINEAR LINEAR LINEAR LINEAR LINEAR LINEAR LINEAR LINEAR
LINEAR LINEAR LINEAR LINEAR LINEAR LINEAR LINEAR LINEAR LINEAR LINEAR</Name_array>
        <technique_common>
          <accessor source="#mixamorig_Hips-Interpolations-array" count="21">
            <param type="name"/>
          </accessor>
        </technique_common>
      </source>
      <sampler id="mixamorig_Hips-Matrix-animation-transform">
        <input semantic="INPUT" source="#mixamorig_Hips-Matrix-animation-input"/>
        <input semantic="OUTPUT" source="#mixamorig_Hips-Matrix-animation-output-transform"/>
        <input semantic="INTERPOLATION" source="#mixamorig_Hips-Interpolations"/>
      </sampler>
      <channel source="#mixamorig_Hips-Matrix-animation-transform" target="mixamorig_Hips/matrix"/>
    </animation>
    <animation id="mixamorig_Spine-anim" name="mixamorig_Spine">
      <source id="mixamorig_Spine-Matrix-animation-input">
        <float_array id="mixamorig_Spine-Matrix-animation-input-array" count="21">

0.000000 0.033333 0.066667 0.100000 0.133333 0.166667 0.200000 0.233333 0.266667 0.300000 0.333333 0.366667 0.400000 0.433333 0.466667 0.500000
0.533333 0.566667 0.600000 0.633333 0.666667</float_array>
        <technique_common>
          <accessor source="#mixamorig_Spine-Matrix-animation-input-array" count="21">
            <param name="TIME" type="float"/>
          </accessor>
        </technique_common>
      </source>
      <source id="mixamorig_Spine-Matrix-animation-output-transform">
        <float_array id="mixamorig_Spine-Matrix-animation-output-transform-array" count="336">

0.996863 -0.006544 0.078881 0.004700 0.012635 0.996954 -0.076959 5.245300 -0.078137 0.077714 0.993909 0.258800 0.000000 0.000000 0.000000 1.000000
0.994472 -0.011354 0.104387 0.004700 0.019946 0.996463 -0.081634 5.245300 -0.103091 0.083265 0.991181 0.258800 0.000000 0.000000 0.000000 1.000000
0.990704 0.005217 0.135932 0.004700 0.004957 0.997216 -0.074402 5.245300 -0.135942 0.074385 0.987920 0.258800 0.000000 0.000000 0.000000 1.000000
0.982663 0.044885 0.179883 0.004700 -0.033965 0.997414 -0.063336 5.245300 -0.182261 0.056128 0.981647 0.258800 0.000000 0.000000 0.000000 1.000000
0.970125 0.078753 0.229470 0.004700 -0.068660 0.996302 -0.051653 5.245300 -0.232689 0.034354 0.971944 0.258800 0.000000 0.000000 0.000000 1.000000
0.959771 0.089993 0.265971 0.004700 -0.081031 0.995717 -0.044505 5.245300 -0.268837 0.021163 0.962953 0.258800 0.000000 0.000000 0.000000 1.000000
0.958925 0.078413 0.272606 0.004700 -0.068975 0.996646 -0.044047 5.245300 -0.275146 0.023435 0.961117 0.258800 0.000000 0.000000 0.000000 1.000000
0.967057 0.061039 0.247133 0.004700 -0.050240 0.997496 -0.049776 5.245300 -0.249552 0.035720 0.967702 0.258800 0.000000 0.000000 0.000000 1.000000
0.978045 0.055726 0.200803 0.004700 -0.044698 0.997254 -0.059044 5.245300 -0.203542 0.048772 0.977851 0.258800 0.000000 0.000000 0.000000 1.000000
0.985645 0.071945 0.152734 0.004700 -0.062125 0.995740 -0.068132 5.245300 -0.156985 0.057665 0.985916 0.258800 0.000000 0.000000 0.000000 1.000000
0.988501 0.097064 0.115947 0.004700 -0.089257 0.993493 -0.070740 5.245300 -0.122059 0.059578 0.990733 0.258800 0.000000 0.000000 0.000000 1.000000
0.990016 0.110099 0.088020 0.004700 -0.104778 0.992501 -0.062952 5.245300 -0.094291 0.053101 0.994127 0.258800 0.000000 0.000000 0.000000 1.000000
0.993408 0.099411 0.057086 0.004700 -0.096819 0.994214 -0.046515 5.245300 -0.061380 0.040681 0.997285 0.258800 0.000000 0.000000 0.000000 1.000000
0.996930 0.076487 0.016732 0.004700 -0.076020 0.996742 -0.026955 5.245300 -0.018739 0.025601 0.999497 0.258800 0.000000 0.000000 0.000000 1.000000
0.997958 0.057581 -0.027658 0.004700 -0.057869 0.998277 -0.009697 5.245300 0.027052 0.011278 0.999570 0.258800 0.000000 0.000000 0.000000 1.000000
0.996768 0.051755 -0.061433 0.004700 -0.051854 0.998655 -0.000010 5.245300 0.061350 0.003196 0.998111 0.258800 0.000000 0.000000 0.000000 1.000000
0.996001 0.054413 -0.070865 0.004700 -0.054696 0.998501 -0.002046 5.245300 0.070647 0.005914 0.997484 0.258800 0.000000 0.000000 0.000000 1.000000
0.997165 0.055045 -0.051295 0.004700 -0.055929 0.998307 -0.015954 5.245300 0.050330 0.018778 0.998556 0.258800 0.000000 0.000000 0.000000 1.000000
0.998986 0.043935 -0.009865 0.004700 -0.044275 0.998320 -0.037376 5.245300 0.008207 0.037775 0.999253 0.258800 0.000000 0.000000 0.000000 1.000000
0.999027 0.019775 0.039418 0.004700 -0.017381 0.998037 -0.060164 5.245300 -0.040530 0.059421 0.997410 0.258800 0.000000 0.000000 0.000000 1.000000
0.996863 -0.006545 0.078881 0.004700 0.012635 0.996954 -0.076959 5.245300 -0.078137 0.077714 0.993909 0.258800 0.000000 0.000000 0.000000 1.000000</float_array>
        <technique_common>
          <accessor source="#mixamorig_Spine-Matrix-animation-output-transform-array" count="21" stride="16">
            <param type="float4x4"/>
          </accessor>
        </technique_common>
      </source>
      <source id="mixamorig_Spine-Interpolations">
        <Name_array id="mixamorig_Spine-Interpolations-array" count="21">
 LINEAR LINEAR LINEAR LINEAR LINEAR LINEAR LINEAR LINEAR LINEAR LINEAR LINEAR
LINEAR LINEAR LINEAR LINEAR LINEAR LINEAR LINEAR LINEAR LINEAR LINEAR</Name_array>
        <technique_common>
          <accessor source="#mixamorig_Spine-Interpolations-array" count="21">
            <param type="name"/>
          </accessor>
        </technique_common>
      </source>
      <sampler id="mixamorig_Spine-Matrix-animation-transform">
        <input semantic="INPUT" source="#mixamorig_Spine-Matrix-animation-input"/>
        <input semantic="OUTPUT" source="#mixamorig_Spine-Matrix-animation-output-transform"/>
        <input semantic="INTERPOLATION" source="#mixamorig_Spine-Interpolations"/>
      </sampler>
      <channel source="#mixamorig_Spine-Matrix-animation-transform" target="mixamorig_Spine/matrix"/>
    </animation>
    <animation id="mixamorig_Spine1-anim" name="mixamorig_Spine1">
      <source id="mixamorig_Spine1-Matrix-animation-input">
        <float_array id="mixamorig_Spine1-Matrix-animation-input-array" count="21">

0.000000 0.033333 0.066667 0.100000 0.133333 0.166667 0.200000 0.233333 0.266667 0.300000 0.333333 0.366667 0.400000 0.433333 0.466667 0.500000
0.533333 0.566667 0.600000 0.633333 0.666667</float_array>
        <technique_common>
          <accessor source="#mixamorig_Spine1-Matrix-animation-input-array" count="21">
            <param name="TIME" type="float"/>
          </accessor>
        </technique_common>
      </source>
      <source id="mixamorig_Spine1-Matrix-animation-output-transform">
        <float_array id="mixamorig_Spine1-Matrix-animation-output-transform-array" count="336">

0.999557 0.001594 0.029730 0.000000 -0.002214 0.999781 0.020821 11.066900 -0.029690 -0.020877 0.999341 0.000000 0.000000 0.000000 0.000000 1.000000
0.999166 0.001193 0.040827 -0.000000 -0.001914 0.999843 0.017625 11.066900 -0.040800 -0.017689 0.999011 0.000000 0.000000 0.000000 0.000000 1.000000
0.998476 0.006137 0.054839 0.000000 -0.007210 0.999786 0.019397 11.066900 -0.054708 -0.019763 0.998307 0.000000 0.000000 0.000000 0.000000 1.000000
0.997265 0.012999 0.072759 0.000000 -0.014790 0.999599 0.024129 11.066900 -0.072416 -0.025139 0.997058 0.000000 0.000000 0.000000 0.000000 1.000000
0.995614 0.018234 0.091764 0.000000 -0.021076 0.999325 0.030095 11.066900 -0.091154 -0.031897 0.995326 -0.000000 0.000000 0.000000 0.000000 1.000000
0.994283 0.018476 0.105164 0.000000 -0.022220 0.999156 0.034541 11.066900 -0.104437 -0.036680 0.993855 0.000000 0.000000 0.000000 0.000000 1.000000
0.994161 0.014163 0.106977 0.000000 -0.018072 0.999200 0.035663 11.066900 -0.106387 -0.037388 0.993622 0.000000 0.000000 0.000000 0.000000 1.000000
0.995285 0.009620 0.096516 -0.000000 -0.012912 0.999354 0.033543 11.066900 -0.096131 -0.034631 0.994766 0.000000 0.000000 0.000000 0.000000 1.000000
0.996837 0.009359 0.078924 0.000000 -0.011745 0.999486 0.029832 11.066900 -0.078604 -0.030664 0.996434 0.000000 0.000000 0.000000 0.000000 1.000000
0.998018 0.013933 0.061370 0.000000 -0.015601 0.999520 0.026781 11.066900 -0.060968 -0.027685 0.997756 -0.000000 0.000000 0.000000 0.000000 1.000000
0.998666 0.019388 0.047865 0.000000 -0.020654 0.999446 0.026107 11.066900 -0.047332 -0.027061 0.998513 0.000000 0.000000 0.000000 0.000000 1.000000
0.999090 0.021292 0.036952 0.000000 -0.022336 0.999357 0.028062 11.066900 -0.036330 -0.028862 0.998923 0.000000 0.000000 0.000000 0.000000 1.000000
0.999518 0.018878 0.024656 0.000000 -0.019658 0.999302 0.031776 11.066900 -0.024039 -0.032245 0.999191 -0.000000 0.000000 0.000000 0.000000 1.000000
0.999849 0.014655 0.009301 0.000000 -0.014986 0.999215 0.036663 11.066900 -0.008756 -0.036797 0.999284 0.000000 0.000000 0.000000 0.000000 1.000000
0.999909 0.011659 -0.006821 0.000000 -0.011360 0.999036 0.042400 11.066900 0.007309 -0.042318 0.999077 0.000000 0.000000 0.000000 0.000000 1.000000
0.999755 0.011425 -0.018938 0.000000 -0.010514 0.998815 0.047527 11.066900 0.019458 -0.047317 0.998690 -0.000000 0.000000 0.000000 0.000000 1.000000
0.999662 0.013044 -0.022469 -0.000000 -0.011921 0.998709 0.049382 11.066900 0.023084 -0.049097 0.998527 -0.000000 0.000000 0.000000 0.000000 1.000000
0.999779 0.013837 -0.015825 0.000000 -0.013095 0.998851 0.046106 11.066900 0.016445 -0.045889 0.998811 0.000000 0.000000 0.000000 0.000000 1.000000
0.999930 0.011682 -0.001648 0.000000 -0.011610 0.999195 0.038406 11.066900 0.002096 -0.038385 0.999261 0.000000 0.000000 0.000000 0.000000 1.000000
0.999861 0.006760 0.015253 0.000000 -0.007198 0.999559 0.028815 11.066900 -0.015051 -0.028921 0.999468 0.000000 0.000000 0.000000 0.000000 1.000000
0.999557 0.001594 0.029730 0.000000 -0.002214 0.999781 0.020821 11.066900 -0.029690 -0.020877 0.999341 0.000000 0.000000 0.000000 0.000000 1.000000</float_array>
        <technique_common>
          <accessor source="#mixamorig_Spine1-Matrix-animation-output-transform-array" count="21" stride="16">
            <param type="float4x4"/>
          </accessor>
        </technique_common>
      </source>
      <source id="mixamorig_Spine1-Interpolations">
        <Name_array id="mixamorig_Spine1-Interpolations-array" count="21">
 LINEAR LINEAR LINEAR LINEAR LINEAR LINEAR LINEAR LINEAR LINEAR LINEAR LINEAR
LINEAR LINEAR LINEAR LINEAR LINEAR LINEAR LINEAR LINEAR LINEAR LINEAR</Name_array>
        <technique_common>
          <accessor source="#mixamorig_Spine1-Interpolations-array" count="21">
            <param type="name"/>
          </accessor>
        </technique_common>
      </source>
      <sampler id="mixamorig_Spine1-Matrix-animation-transform">
        <input semantic="INPUT" source="#mixamorig_Spine1-Matrix-animation-input"/>
        <input semantic="OUTPUT" source="#mixamorig_Spine1-Matrix-animation-output-transform"/>
        <input semantic="INTERPOLATION" source="#mixamorig_Spine1-Interpolations"/>
      </sampler>
      <channel source="#mixamorig_Spine1-Matrix-animation-transform" target="mixamorig_Spine1/matrix"/>
    </animation>
    <animation id="mixamorig_Spine2-anim" name="mixamorig_Spine2">
      <source id="mixamorig_Spine2-Matrix-animation-input">
        <float_array id="mixamorig_Spine2-Matrix-animation-input-array" count="21">

0.000000 0.033333 0.066667 0.100000 0.133333 0.166667 0.200000 0.233333 0.266667 0.300000 0.333333 0.366667 0.400000 0.433333 0.466667 0.500000
0.533333 0.566667 0.600000 0.633333 0.666667</float_array>
        <technique_common>
          <accessor source="#mixamorig_Spine2-Matrix-animation-input-array" count="21">
            <param name="TIME" type="float"/>
          </accessor>
        </technique_common>
      </source>
      <source id="mixamorig_Spine2-Matrix-animation-output-transform">
        <float_array id="mixamorig_Spine2-Matrix-animation-output-transform-array" count="336">

0.999570 0.005871 0.028736 0.000000 -0.000505 0.983058 -0.183295 8.141900 -0.029325 0.183202 0.982638 0.000000 0.000000 0.000000 0.000000 1.000000
0.999181 0.007023 0.039850 0.000000 0.000532 0.982459 -0.186476 8.141900 -0.040461 0.186345 0.981651 0.000000 0.000000 0.000000 0.000000 1.000000
0.998487 0.013744 0.053234 -0.000000 -0.003688 0.982811 -0.184577 8.141900 -0.054856 0.184102 0.981375 0.000000 0.000000 0.000000 0.000000 1.000000
0.997267 0.022877 0.070251 -0.000000 -0.009914 0.983688 -0.179611 8.141900 -0.073214 0.178423 0.981226 -0.000000 0.000000 0.000000 0.000000 1.000000
0.995605 0.030624 0.088499 0.000000 -0.014877 0.984740 -0.173397 8.141900 -0.092459 0.171318 0.980868 0.000000 0.000000 0.000000 0.000000 1.000000
0.994270 0.032793 0.101743 -0.000000 -0.015224 0.985520 -0.168872 8.141900 -0.105808 0.166356 0.980373 0.000000 0.000000 0.000000 0.000000 1.000000
0.994154 0.028949 0.104023 -0.000000 -0.011134 0.985738 -0.167916 8.141900 -0.107400 0.165777 0.980298 -0.000000 0.000000 0.000000 0.000000 1.000000
0.995287 0.023172 0.094167 0.000000 -0.006830 0.985370 -0.170289 8.141900 -0.096735 0.168844 0.980884 -0.000000 0.000000 0.000000 0.000000 1.000000
0.996838 0.020574 0.076747 0.000000 -0.006919 0.984704 -0.174100 8.141900 -0.079155 0.173018 0.981733 -0.000000 0.000000 0.000000 0.000000 1.000000
0.998012 0.022685 0.058807 0.000000 -0.011938 0.984132 -0.177034 8.141900 -0.061889 0.175980 0.982446 -0.000000 0.000000 0.000000 0.000000 1.000000
0.998653 0.026155 0.044801 0.000000 -0.017804 0.983950 -0.177555 8.141900 -0.048726 0.176519 0.983090 0.000000 0.000000 0.000000 0.000000 1.000000
0.999079 0.026419 0.033826 0.000000 -0.020082 0.984255 -0.175611 8.141900 -0.037932 0.174769 0.983878 0.000000 0.000000 0.000000 0.000000 1.000000
0.999511 0.022221 0.022017 0.000000 -0.018106 0.984918 -0.172072 8.141900 -0.025509 0.171589 0.984838 -0.000000 0.000000 0.000000 0.000000 1.000000
0.999847 0.015852 0.007377 -0.000000 -0.014394 0.985785 -0.167394 8.141900 -0.009925 0.167262 0.985862 0.000000 0.000000 0.000000 0.000000 1.000000
0.999910 0.010618 -0.008232 0.000000 -0.011811 0.986754 -0.161791 8.141900 0.006405 0.161874 0.986791 0.000000 0.000000 0.000000 0.000000 1.000000
0.999757 0.008659 -0.020286 0.000000 -0.011733 0.987577 -0.156695 8.141900 0.018677 0.156895 0.987439 -0.000000 0.000000 0.000000 0.000000 1.000000
0.999662 0.009711 -0.024117 -0.000000 -0.013331 0.987855 -0.154807 8.141900 0.022321 0.155076 0.987650 -0.000000 0.000000 0.000000 0.000000 1.000000
0.999777 0.011396 -0.017772 -0.000000 -0.014063 0.987333 -0.158040 8.141900 0.015746 0.158255 0.987273 0.000000 0.000000 0.000000 0.000000 1.000000
0.999930 0.011280 -0.003562 0.000000 -0.011714 0.986104 -0.165717 8.141900 0.001643 0.165748 0.986167 0.000000 0.000000 0.000000 0.000000 1.000000
0.999866 0.008863 0.013742 -0.000000 -0.006318 0.984495 -0.175298 8.141900 -0.015083 0.175188 0.984420 -0.000000 0.000000 0.000000 0.000000 1.000000
0.999570 0.005871 0.028736 -0.000000 -0.000505 0.983058 -0.183295 8.141900 -0.029325 0.183202 0.982638 -0.000000 0.000000 0.000000 0.000000 1.000000</float_array>
        <technique_common>
          <accessor source="#mixamorig_Spine2-Matrix-animation-output-transform-array" count="21" stride="16">
            <param type="float4x4"/>
          </accessor>
        </technique_common>
      </source>
      <source id="mixamorig_Spine2-Interpolations">
        <Name_array id="mixamorig_Spine2-Interpolations-array" count="21">
 LINEAR LINEAR LINEAR LINEAR LINEAR LINEAR LINEAR LINEAR LINEAR LINEAR LINEAR
LINEAR LINEAR LINEAR LINEAR LINEAR LINEAR LINEAR LINEAR LINEAR LINEAR</Name_array>
        <technique_common>
          <accessor source="#mixamorig_Spine2-Interpolations-array" count="21">
            <param type="name"/>
          </accessor>
        </technique_common>
      </source>
      <sampler id="mixamorig_Spine2-Matrix-animation-transform">
        <input semantic="INPUT" source="#mixamorig_Spine2-Matrix-animation-input"/>
        <input semantic="OUTPUT" source="#mixamorig_Spine2-Matrix-animation-output-transform"/>
        <input semantic="INTERPOLATION" source="#mixamorig_Spine2-Interpolations"/>
      </sampler>
      <channel source="#mixamorig_Spine2-Matrix-animation-transform" target="mixamorig_Spine2/matrix"/>
    </animation>
    <animation id="mixamorig_Neck-anim" name="mixamorig_Neck">
      <source id="mixamorig_Neck-Matrix-animation-input">
        <float_array id="mixamorig_Neck-Matrix-animation-input-array" count="21">

0.000000 0.033333 0.066667 0.100000 0.133333 0.166667 0.200000 0.233333 0.266667 0.300000 0.333333 0.366667 0.400000 0.433333 0.466667 0.500000
0.533333 0.566667 0.600000 0.633333 0.666667</float_array>
        <technique_common>
          <accessor source="#mixamorig_Neck-Matrix-animation-input-array" count="21">
            <param name="TIME" type="float"/>
          </accessor>
        </technique_common>
      </source>
      <source id="mixamorig_Neck-Matrix-animation-output-transform">
        <float_array id="mixamorig_Neck-Matrix-animation-output-transform-array" count="336">

0.981176 0.008143 0.192946 -0.112200 -0.013486 0.999561 0.026397 18.919500 -0.192647 -0.028502 0.980854 -3.736100 0.000000 0.000000 0.000000 1.000000
0.983222 -0.001290 0.182407 -0.112200 -0.004794 0.999447 0.032910 18.919500 -0.182349 -0.033232 0.982672 -3.736100 0.000000 0.000000 0.000000 1.000000
0.986495 -0.006562 0.163661 -0.112200 0.002959 0.999748 0.022246 18.919500 -0.163766 -0.021461 0.986266 -3.736100 0.000000 0.000000 0.000000 1.000000
0.990250 -0.009704 0.138963 -0.112200 0.008458 0.999919 0.009557 18.919500 -0.139044 -0.008289 0.990251 -3.736100 0.000000 0.000000 0.000000 1.000000
0.993356 -0.010641 0.114592 -0.112200 0.010350 0.999942 0.003133 18.919500 -0.114619 -0.001926 0.993408 -3.736100 0.000000 0.000000 0.000000 1.000000
0.994902 -0.008795 0.100462 -0.112200 0.008402 0.999955 0.004340 18.919500 -0.100495 -0.003474 0.994931 -3.736100 0.000000 0.000000 0.000000 1.000000
0.994757 -0.003578 0.102205 -0.112200 0.002920 0.999974 0.006583 18.919500 -0.102226 -0.006250 0.994742 -3.736100 0.000000 0.000000 0.000000 1.000000
0.993156 0.004100 0.116723 -0.112200 -0.004818 0.999971 0.005870 18.919500 -0.116696 -0.006392 0.993147 -3.736100 0.000000 0.000000 0.000000 1.000000
0.990790 0.011828 0.134893 -0.112200 -0.012818 0.999897 0.006469 18.919500 -0.134803 -0.008138 0.990839 -3.736100 0.000000 0.000000 0.000000 1.000000
0.988729 0.018121 0.148613 -0.112200 -0.020210 0.999717 0.012556 18.919500 -0.148343 -0.015418 0.988816 -3.736100 0.000000 0.000000 0.000000 1.000000
0.987365 0.024418 0.156567 -0.112200 -0.027675 0.999443 0.018653 18.919500 -0.156025 -0.022751 0.987491 -3.736100 0.000000 0.000000 0.000000 1.000000
0.985869 0.033188 0.164197 -0.112200 -0.036205 0.999226 0.015413 18.919500 -0.163558 -0.021140 0.986307 -3.736100 0.000000 0.000000 0.000000 1.000000
0.983071 0.044080 0.177846 -0.112200 -0.045290 0.998970 0.002747 18.919500 -0.177542 -0.010755 0.984054 -3.736100 0.000000 0.000000 0.000000 1.000000
0.978539 0.053914 0.198881 -0.112200 -0.052722 0.998545 -0.011292 18.919500 -0.199201 0.000565 0.979959 -3.736100 0.000000 0.000000 0.000000 1.000000
0.973126 0.060032 0.222311 -0.112200 -0.056657 0.998161 -0.021533 18.919500 -0.223195 0.008359 0.974738 -3.736100 0.000000 0.000000 0.000000 1.000000
0.968902 0.061817 0.239599 -0.112200 -0.056498 0.997981 -0.029011 18.919500 -0.240909 0.014572 0.970438 -3.736100 0.000000 0.000000 0.000000 1.000000
0.967967 0.059231 0.243992 -0.112200 -0.052323 0.998027 -0.034703 18.919500 -0.245566 0.020825 0.969156 -3.736100 0.000000 0.000000 0.000000 1.000000
0.970566 0.051650 0.235230 -0.112200 -0.044770 0.998401 -0.034499 18.919500 -0.236636 0.022952 0.971327 -3.736100 0.000000 0.000000 0.000000 1.000000
0.974842 0.039048 0.219451 -0.112200 -0.034886 0.999131 -0.022809 18.919500 -0.220151 0.014579 0.975357 -3.736100 0.000000 0.000000 0.000000 1.000000
0.978760 0.023229 0.203689 -0.112200 -0.023791 0.999717 0.000308 18.919500 -0.203624 -0.005147 0.979036 -3.736100 0.000000 0.000000 0.000000 1.000000
0.981176 0.008143 0.192946 -0.112200 -0.013486 0.999561 0.026397 18.919500 -0.192647 -0.028502 0.980854 -3.736100 0.000000 0.000000 0.000000 1.000000</float_array>
        <technique_common>
          <accessor source="#mixamorig_Neck-Matrix-animation-output-transform-array" count="21" stride="16">
            <param type="float4x4"/>
          </accessor>
        </technique_common>
      </source>
      <source id="mixamorig_Neck-Interpolations">
        <Name_array id="mixamorig_Neck-Interpolations-array" count="21">
 LINEAR LINEAR LINEAR LINEAR LINEAR LINEAR LINEAR LINEAR LINEAR LINEAR LINEAR
LINEAR LINEAR LINEAR LINEAR LINEAR LINEAR LINEAR LINEAR LINEAR LINEAR</Name_array>
        <technique_common>
          <accessor source="#mixamorig_Neck-Interpolations-array" count="21">
            <param type="name"/>
          </accessor>
        </technique_common>
      </source>
      <sampler id="mixamorig_Neck-Matrix-animation-transform">
        <input semantic="INPUT" source="#mixamorig_Neck-Matrix-animation-input"/>
        <input semantic="OUTPUT" source="#mixamorig_Neck-Matrix-animation-output-transform"/>
        <input semantic="INTERPOLATION" source="#mixamorig_Neck-Interpolations"/>
      </sampler>
      <channel source="#mixamorig_Neck-Matrix-animation-transform" target="mixamorig_Neck/matrix"/>
    </animation>
    <animation id="mixamorig_Head-anim" name="mixamorig_Head">
      <source id="mixamorig_Head-Matrix-animation-input">
        <float_array id="mixamorig_Head-Matrix-animation-input-array" count="21">

0.000000 0.033333 0.066667 0.100000 0.133333 0.166667 0.200000 0.233333 0.266667 0.300000 0.333333 0.366667 0.400000 0.433333 0.466667 0.500000
0.533333 0.566667 0.600000 0.633333 0.666667</float_array>
        <technique_common>
          <accessor source="#mixamorig_Head-Matrix-animation-input-array" count="21">
            <param name="TIME" type="float"/>
          </accessor>
        </technique_common>
      </source>
      <source id="mixamorig_Head-Matrix-animation-output-transform">
        <float_array id="mixamorig_Head-Matrix-animation-output-transform-array" count="336">

0.604115 0.111829 0.789012 0.000000 -0.309055 0.945491 0.102624 8.673000 -0.734527 -0.305845 0.605746 3.319300 0.000000 0.000000 0.000000 1.000000
0.624704 0.112434 0.772725 -0.000000 -0.310886 0.943581 0.114039 8.673000 -0.716306 -0.311469 0.624413 3.319300 0.000000 0.000000 0.000000 1.000000
0.678124 0.100603 0.728029 0.000000 -0.286438 0.948434 0.135744 8.673000 -0.676831 -0.300587 0.671972 3.319300 0.000000 0.000000 0.000000 1.000000
0.746287 0.088923 0.659657 -0.000000 -0.254328 0.953936 0.159135 8.673000 -0.615120 -0.286530 0.734526 3.319300 0.000000 0.000000 0.000000 1.000000
0.805592 0.085968 0.586200 -0.000000 -0.230348 0.957022 0.176208 8.673000 -0.545858 -0.276982 0.790772 3.319300 0.000000 0.000000 0.000000 1.000000
0.834317 0.094677 0.543094 0.000000 -0.226068 0.957259 0.180413 8.673000 -0.502801 -0.273298 0.820061 3.319300 0.000000 0.000000 0.000000 1.000000
0.828480 0.105777 0.549938 0.000000 -0.236469 0.956238 0.172313 8.673000 -0.507645 -0.272801 0.817237 3.319300 0.000000 0.000000 0.000000 1.000000
0.799201 0.107201 0.591427 0.000000 -0.246699 0.955772 0.160125 8.673000 -0.548103 -0.273877 0.790300 3.319300 0.000000 0.000000 0.000000 1.000000
0.766886 0.096951 0.634418 0.000000 -0.248797 0.956133 0.154631 8.673000 -0.591596 -0.276425 0.757366 3.319300 0.000000 0.000000 0.000000 1.000000
0.748545 0.084442 0.657685 0.000000 -0.247332 0.955833 0.158779 8.673000 -0.615229 -0.281520 0.736369 3.319300 0.000000 0.000000 0.000000 1.000000
0.742049 0.082602 0.665237 0.000000 -0.251130 0.954364 0.161624 8.673000 -0.621528 -0.286994 0.728929 3.319300 0.000000 0.000000 0.000000 1.000000
0.728317 0.096797 0.678369 0.000000 -0.264647 0.952895 0.148163 8.673000 -0.632073 -0.287438 0.719627 3.319300 0.000000 0.000000 0.000000 1.000000
0.689863 0.116703 0.714471 0.000000 -0.283026 0.951850 0.117801 8.673000 -0.666322 -0.283481 0.689677 3.319300 0.000000 0.000000 0.000000 1.000000
0.624824 0.124117 0.770837 0.000000 -0.295214 0.951546 0.086080 8.673000 -0.722802 -0.281347 0.631190 3.319300 0.000000 0.000000 0.000000 1.000000
0.550504 0.110511 0.827486 0.000000 -0.294600 0.953148 0.068696 8.673000 -0.781125 -0.281595 0.557268 3.319300 0.000000 0.000000 0.000000 1.000000
0.496888 0.083710 0.863768 -0.000000 -0.282874 0.956598 0.070019 8.673000 -0.820418 -0.279129 0.499001 3.319300 0.000000 0.000000 0.000000 1.000000
0.487015 0.059082 0.871393 -0.000000 -0.266857 0.960064 0.084050 8.673000 -0.831627 -0.273471 0.483332 3.319300 0.000000 0.000000 0.000000 1.000000
0.517083 0.050151 0.854465 0.000000 -0.256861 0.961363 0.099015 8.673000 -0.816485 -0.270678 0.509986 3.319300 0.000000 0.000000 0.000000 1.000000
0.560183 0.062573 0.826002 0.000000 -0.262354 0.959214 0.105260 8.673000 -0.785726 -0.275670 0.553752 3.319300 0.000000 0.000000 0.000000 1.000000
0.592298 0.089299 0.800755 -0.000000 -0.283418 0.953415 0.103314 8.673000 -0.754226 -0.288141 0.590015 3.319300 0.000000 0.000000 0.000000 1.000000
0.604115 0.111829 0.789012 0.000000 -0.309055 0.945491 0.102624 8.673000 -0.734527 -0.305845 0.605746 3.319300 0.000000 0.000000 0.000000 1.000000</float_array>
        <technique_common>
          <accessor source="#mixamorig_Head-Matrix-animation-output-transform-array" count="21" stride="16">
            <param type="float4x4"/>
          </accessor>
        </technique_common>
      </source>
      <source id="mixamorig_Head-Interpolations">
        <Name_array id="mixamorig_Head-Interpolations-array" count="21">
 LINEAR LINEAR LINEAR LINEAR LINEAR LINEAR LINEAR LINEAR LINEAR LINEAR LINEAR
LINEAR LINEAR LINEAR LINEAR LINEAR LINEAR LINEAR LINEAR LINEAR LINEAR</Name_array>
        <technique_common>
          <accessor source="#mixamorig_Head-Interpolations-array" count="21">
            <param type="name"/>
          </accessor>
        </technique_common>
      </source>
      <sampler id="mixamorig_Head-Matrix-animation-transform">
        <input semantic="INPUT" source="#mixamorig_Head-Matrix-animation-input"/>
        <input semantic="OUTPUT" source="#mixamorig_Head-Matrix-animation-output-transform"/>
        <input semantic="INTERPOLATION" source="#mixamorig_Head-Interpolations"/>
      </sampler>
      <channel source="#mixamorig_Head-Matrix-animation-transform" target="mixamorig_Head/matrix"/>
    </animation>
    <animation id="mixamorig_LeftShoulder-anim" name="mixamorig_LeftShoulder">
      <source id="mixamorig_LeftShoulder-Matrix-animation-input">
        <float_array id="mixamorig_LeftShoulder-Matrix-animation-input-array" count="21">

0.000000 0.033333 0.066667 0.100000 0.133333 0.166667 0.200000 0.233333 0.266667 0.300000 0.333333 0.366667 0.400000 0.433333 0.466667 0.500000
0.533333 0.566667 0.600000 0.633333 0.666667</float_array>
        <technique_common>
          <accessor source="#mixamorig_LeftShoulder-Matrix-animation-input-array" count="21">
            <param name="TIME" type="float"/>
          </accessor>
        </technique_common>
      </source>
      <source id="mixamorig_LeftShoulder-Matrix-animation-output-transform">
        <float_array id="mixamorig_LeftShoulder-Matrix-animation-output-transform-array" count="336">

-0.068154 0.922315 -0.380381 6.339200 0.064547 -0.376392 -0.924209 14.952900 -0.995585 -0.087541 -0.033881 -4.642900 0.000000 0.000000 0.000000 1.000000
-0.117398 0.915066 -0.385840 6.339200 0.069058 -0.380064 -0.922379 14.952900 -0.990681 -0.134931 -0.018574 -4.642900 0.000000 0.000000 0.000000 1.000000
-0.138624 0.907580 -0.396335 6.339200 0.072362 -0.389846 -0.918032 14.952900 -0.987698 -0.155941 -0.011632 -4.642900 0.000000 0.000000 0.000000 1.000000
-0.134081 0.904699 -0.404404 6.339200 0.073318 -0.397914 -0.914488 14.952900 -0.988254 -0.152266 -0.012978 -4.642900 0.000000 0.000000 0.000000 1.000000
-0.114423 0.905607 -0.408391 6.339200 0.072543 -0.402377 -0.912595 14.952900 -0.990780 -0.134048 -0.019654 -4.642900 0.000000 0.000000 0.000000 1.000000
-0.100792 0.905588 -0.412008 6.339200 0.072557 -0.406323 -0.910844 14.952900 -0.992258 -0.121700 -0.024753 -4.642900 0.000000 0.000000 0.000000 1.000000
-0.105763 0.901143 -0.420423 6.339200 0.074661 -0.414405 -0.907025 14.952900 -0.991585 -0.127319 -0.023451 -4.642900 0.000000 0.000000 0.000000 1.000000
-0.123377 0.893414 -0.431959 6.339200 0.077904 -0.425221 -0.901730 14.952900 -0.989297 -0.144905 -0.017138 -4.642900 0.000000 0.000000 0.000000 1.000000
-0.135231 0.888942 -0.437602 6.339200 0.079318 -0.430529 -0.899085 14.952900 -0.987634 -0.156293 -0.012288 -4.642900 0.000000 0.000000 0.000000 1.000000
-0.123147 0.894404 -0.429973 6.339200 0.075883 -0.423516 -0.902705 14.952900 -0.989483 -0.143793 -0.015715 -4.642900 0.000000 0.000000 0.000000 1.000000
-0.080519 0.908398 -0.410281 6.339200 0.068314 -0.405620 -0.911485 14.952900 -0.994409 -0.101420 -0.029396 -4.642900 0.000000 0.000000 0.000000 1.000000
-0.020327 0.922709 -0.384960 6.339200 0.060532 -0.383198 -0.921681 14.952900 -0.997959 -0.042038 -0.048065 -4.642900 0.000000 0.000000 0.000000 1.000000
0.030390 0.932725 -0.359305 6.339200 0.055538 -0.360492 -0.931107 14.952900 -0.997994 0.008341 -0.062757 -4.642900 0.000000 0.000000 0.000000 1.000000
0.051281 0.939474 -0.338761 6.339200 0.053677 -0.341310 -0.938417 14.952900 -0.997241 0.029939 -0.067931 -4.642900 0.000000 0.000000 0.000000 1.000000
0.043069 0.942590 -0.331162 6.339200 0.053631 -0.333173 -0.941339 14.952900 -0.997632 0.022782 -0.064902 -4.642900 0.000000 0.000000 0.000000 1.000000
0.023687 0.939737 -0.341076 6.339200 0.054732 -0.341879 -0.938149 14.952900 -0.998220 0.003554 -0.059532 -4.642900 0.000000 0.000000 0.000000 1.000000
0.011458 0.931867 -0.362619 6.339200 0.056588 -0.362665 -0.930200 14.952900 -0.998332 -0.009862 -0.056888 -4.642900 0.000000 0.000000 0.000000 1.000000
0.008794 0.924048 -0.382176 6.339200 0.058007 -0.382019 -0.922332 14.952900 -0.998277 -0.014058 -0.056961 -4.642900 0.000000 0.000000 0.000000 1.000000
0.002247 0.920872 -0.389858 6.339200 0.059153 -0.389299 -0.919210 14.952900 -0.998246 -0.020995 -0.055347 -4.642900 0.000000 0.000000 0.000000 1.000000
-0.020657 0.922117 -0.386360 6.339200 0.061109 -0.384555 -0.921077 14.952900 -0.997917 -0.042637 -0.048406 -4.642900 0.000000 0.000000 0.000000 1.000000
-0.068154 0.922315 -0.380381 6.339200 0.064547 -0.376392 -0.924209 14.952900 -0.995585 -0.087541 -0.033881 -4.642900 0.000000 0.000000 0.000000 1.000000</float_array>
        <technique_common>
          <accessor source="#mixamorig_LeftShoulder-Matrix-animation-output-transform-array" count="21" stride="16">
            <param type="float4x4"/>
          </accessor>
        </technique_common>
      </source>
      <source id="mixamorig_LeftShoulder-Interpolations">
        <Name_array id="mixamorig_LeftShoulder-Interpolations-array" count="21">
 LINEAR LINEAR LINEAR LINEAR LINEAR LINEAR LINEAR LINEAR LINEAR LINEAR LINEAR
LINEAR LINEAR LINEAR LINEAR LINEAR LINEAR LINEAR LINEAR LINEAR LINEAR</Name_array>
        <technique_common>
          <accessor source="#mixamorig_LeftShoulder-Interpolations-array" count="21">
            <param type="name"/>
          </accessor>
        </technique_common>
      </source>
      <sampler id="mixamorig_LeftShoulder-Matrix-animation-transform">
        <input semantic="INPUT" source="#mixamorig_LeftShoulder-Matrix-animation-input"/>
        <input semantic="OUTPUT" source="#mixamorig_LeftShoulder-Matrix-animation-output-transform"/>
        <input semantic="INTERPOLATION" source="#mixamorig_LeftShoulder-Interpolations"/>
      </sampler>
      <channel source="#mixamorig_LeftShoulder-Matrix-animation-transform" target="mixamorig_LeftShoulder/matrix"/>
    </animation>
    <animation id="mixamorig_LeftArm-anim" name="mixamorig_LeftArm">
      <source id="mixamorig_LeftArm-Matrix-animation-input">
        <float_array id="mixamorig_LeftArm-Matrix-animation-input-array" count="21">

0.000000 0.033333 0.066667 0.100000 0.133333 0.166667 0.200000 0.233333 0.266667 0.300000 0.333333 0.366667 0.400000 0.433333 0.466667 0.500000
0.533333 0.566667 0.600000 0.633333 0.666667</float_array>
        <technique_common>
          <accessor source="#mixamorig_LeftArm-Matrix-animation-input-array" count="21">
            <param name="TIME" type="float"/>
          </accessor>
        </technique_common>
      </source>
      <source id="mixamorig_LeftArm-Matrix-animation-output-transform">
        <float_array id="mixamorig_LeftArm-Matrix-animation-output-transform-array" count="336">

0.911552 0.083379 0.402643 -0.000000 0.147462 0.847799 -0.509404 9.143700 -0.383834 0.523722 0.760517 -0.000000 0.000000 0.000000 0.000000 1.000000
0.874486 0.177785 0.451295 0.000000 0.101738 0.842481 -0.529033 9.143700 -0.474261 0.508546 0.718650 0.000000 0.000000 0.000000 0.000000 1.000000
0.825683 0.288328 0.484886 0.000000 0.008326 0.853200 -0.521517 9.143700 -0.564073 0.434645 0.702073 0.000000 0.000000 0.000000 0.000000 1.000000
0.775808 0.394537 0.492405 0.000000 -0.122816 0.859892 -0.495482 9.143700 -0.618901 0.323924 0.715566 0.000000 0.000000 0.000000 0.000000 1.000000
0.736682 0.491912 0.464029 0.000000 -0.276056 0.845169 -0.457693 9.143700 -0.617327 0.209076 0.758416 0.000000 0.000000 0.000000 0.000000 1.000000
0.711559 0.573184 0.406380 -0.000000 -0.410782 0.808595 -0.421226 9.143700 -0.570036 0.132794 0.810817 0.000000 0.000000 0.000000 0.000000 1.000000
0.701888 0.623756 0.343922 0.000000 -0.489723 0.773209 -0.402889 9.143700 -0.517228 0.114356 0.848173 0.000000 0.000000 0.000000 0.000000 1.000000
0.719051 0.623913 0.306102 0.000000 -0.490324 0.767600 -0.412763 9.143700 -0.492492 0.146709 0.857863 0.000000 0.000000 0.000000 0.000000 1.000000
0.772678 0.554694 0.308680 0.000000 -0.398979 0.802573 -0.443500 9.143700 -0.493745 0.219526 0.841442 0.000000 0.000000 0.000000 0.000000 1.000000
0.843846 0.411922 0.343867 0.000000 -0.221457 0.851074 -0.476056 9.143700 -0.488754 0.325566 0.809398 -0.000000 0.000000 0.000000 0.000000 1.000000
0.894504 0.229141 0.383871 0.000000 -0.008894 0.867608 -0.497169 9.143700 -0.446971 0.441305 0.778117 0.000000 0.000000 0.000000 0.000000 1.000000
0.915744 0.062943 0.396801 0.000000 0.162398 0.845379 -0.508883 9.143700 -0.367477 0.530446 0.763929 0.000000 0.000000 0.000000 0.000000 1.000000
0.929256 -0.055316 0.365270 0.000000 0.252276 0.817318 -0.518023 9.143700 -0.269887 0.573525 0.773453 0.000000 0.000000 0.000000 0.000000 1.000000
0.948048 -0.121097 0.294177 -0.000000 0.265429 0.810838 -0.521622 9.143700 -0.175363 0.572606 0.800856 0.000000 0.000000 0.000000 0.000000 1.000000
0.968235 -0.135394 0.210212 0.000000 0.226724 0.829904 -0.509761 9.143700 -0.105437 0.541228 0.834239 0.000000 0.000000 0.000000 0.000000 1.000000
0.982417 -0.108336 0.152050 0.000000 0.169322 0.860114 -0.481180 9.143700 -0.078651 0.498465 0.863334 -0.000000 0.000000 0.000000 0.000000 1.000000
0.986964 -0.064244 0.147561 0.000000 0.124825 0.884320 -0.449885 9.143700 -0.101589 0.462440 0.880812 -0.000000 0.000000 0.000000 0.000000 1.000000
