<?xml version="1.0" encoding="utf-8"?>
<COLLADA xmlns="http://www.collada.org/2005/11/COLLADASchema" version="1.4.1">
  <asset>
    <contributor>
      <author>Mixamo</author>
      <authoring_tool>COLLADA Mixamo exporter</authoring_tool>
      <comments/>
    </contributor>
    <created>2023-05-08T20:17:57Z</created>
    <modified>2023-05-08T20:17:57Z</modified>
    <revision/>
    <title/>
    <unit meter="0.010000"/>
    <up_axis>Y_UP</up_axis>
  </asset>
  <library_animations>
    <animation id="mixamorig_Hips-anim" name="mixamorig_Hips">
      <source id="mixamorig_Hips-Matrix-animation-input">
        <float_array id="mixamorig_Hips-Matrix-animation-input-array" count="20">

0.000000 0.033333 0.066667 0.100000 0.133333 0.166667 0.200000 0.233333 0.266667 0.300000 0.333333 0.366667 0.400000 0.433333 0.466667 0.500000
0.533333 0.566667 0.600000 0.633333</float_array>
        <technique_common>
          <accessor source="#mixamorig_Hips-Matrix-animation-input-array" count="20">
            <param name="TIME" type="float"/>
          </accessor>
        </technique_common>
      </source>
      <source id="mixamorig_Hips-Matrix-animation-output-transform">
        <float_array id="mixamorig_Hips-Matrix-animation-output-transform-array" count="320">

0.989978 0.099859 -0.099860 0.344414 -0.112850 0.984498 -0.134268 92.797241 0.084904 0.144192 0.985901 3.393453 0.000000 0.000000 0.000000 1.000000
0.994214 0.060201 -0.088965 -0.005528 -0.072545 0.987093 -0.142775 94.848045 0.079221 0.148403 0.985749 5.556475 0.000000 0.000000 0.000000 1.000000
0.997359 0.012300 -0.071575 -0.445152 -0.024410 0.984991 -0.170874 97.743210 0.068399 0.172170 0.982690 4.700175 0.000000 0.000000 0.000000 1.000000
0.998075 0.004934 -0.061828 -0.732682 -0.015893 0.983895 -0.178037 99.624397 0.059954 0.178677 0.982079 3.482118 0.000000 0.000000 0.000000 1.000000
0.999571 -0.005114 -0.028837 -0.883101 0.000816 0.989121 -0.147101 99.198570 0.029276 0.147014 0.988701 1.438812 0.000000 0.000000 0.000000 1.000000
0.998697 -0.030618 0.040830 -0.555592 0.035183 0.992598 -0.116235 97.025810 -0.036969 0.117520 0.992382 0.006555 0.000000 0.000000 0.000000 1.000000
0.991745 -0.069362 0.107845 -0.184831 0.081846 0.989871 -0.116004 94.607437 -0.098706 0.123873 0.987377 -0.289099 0.000000 0.000000 0.000000 1.000000
0.980218 -0.138437 0.141447 0.505637 0.158604 0.976936 -0.142971 91.842064 -0.118392 0.162577 0.979567 -2.919942 0.000000 0.000000 0.000000 1.000000
0.974051 -0.161748 0.158310 0.436735 0.188913 0.966255 -0.175107 90.134010 -0.124644 0.200470 0.971739 -2.133725 0.000000 0.000000 0.000000 1.000000
0.982012 -0.107596 0.155165 0.558027 0.137640 0.970460 -0.198148 91.443565 -0.129261 0.215941 0.967813 0.848723 0.000000 0.000000 0.000000 1.000000
0.985935 -0.060344 0.155855 1.032247 0.092431 0.973823 -0.207669 93.030518 -0.139244 0.219153 0.965703 5.164083 0.000000 0.000000 0.000000 1.000000
0.987179 -0.025401 0.157582 1.557275 0.059038 0.975349 -0.212624 96.080902 -0.148297 0.219202 0.964344 6.056113 0.000000 0.000000 0.000000 1.000000
0.988458 -0.010364 0.151140 1.494791 0.042800 0.976120 -0.212972 98.716980 -0.145324 0.216983 0.965298 5.443064 0.000000 0.000000 0.000000 1.000000
0.988901 0.001870 0.148565 1.460068 0.027846 0.979869 -0.197688 100.297691 -0.145944 0.199631 0.968942 2.950413 0.000000 0.000000 0.000000 1.000000
0.990887 -0.000904 0.134691 1.335865 0.024197 0.984905 -0.171398 99.980286 -0.132503 0.173095 0.975951 2.048522 0.000000 0.000000 0.000000 1.000000
0.995832 -0.009543 0.090705 1.254398 0.023808 0.987229 -0.157519 98.365761 -0.088044 0.159022 0.983341 0.864020 0.000000 0.000000 0.000000 1.000000
0.999966 0.007395 0.003739 0.940533 -0.006681 0.986424 -0.164084 96.702751 -0.004902 0.164053 0.986439 1.200580 0.000000 0.000000 0.000000 1.000000
0.995831 0.054689 -0.073004 0.616189 -0.065884 0.984751 -0.161011 94.741386 0.063085 0.165150 0.984249 0.882031 0.000000 0.000000 0.000000 1.000000
0.989523 0.102469 -0.101712 0.639572 -0.116530 0.982749 -0.143614 92.773796 0.085241 0.153961 0.984393 0.430437 0.000000 0.000000 0.000000 1.000000
0.989978 0.099859 -0.099859 0.344413 -0.112850 0.984498 -0.134268 92.797234 0.084904 0.144191 0.985901 3.393453 0.000000 0.000000 0.000000 1.000000</float_array>
        <technique_common>
          <accessor source="#mixamorig_Hips-Matrix-animation-output-transform-array" count="20" stride="16">
            <param type="float4x4"/>
          </accessor>
        </technique_common>
      </source>
      <source id="mixamorig_Hips-Interpolations">
        <Name_array id="mixamorig_Hips-Interpolations-array" count="20">
 LINEAR LINEAR LINEAR LINEAR LINEAR LINEAR LINEAR LINEAR LINEAR LINEAR LINEAR
LINEAR LINEAR LINEAR LINEAR LINEAR LINEAR LINEAR LINEAR LINEAR</Name_array>
        <technique_common>
          <accessor source="#mixamorig_Hips-Interpolations-array" count="20">
            <param type="name"/>
          </accessor>
        </technique_common>
      </source>
      <sampler id="mixamorig_Hips-Matrix-animation-transform">
        <input semantic="INPUT" source="#mixamorig_Hips-Matrix-animation-input"/>
        <input semantic="OUTPUT" source="#mixamorig_Hips-Matrix-animation-output-transform"/>
        <input semantic="INTERPOLATION" source="#mixamorig_Hips-Interpolations"/>
      </sampler>
      <channel source="#mixamorig_Hips-Matrix-animation-transform" target="mixamorig_Hips/matrix"/>
    </animation>
    <animation id="mixamorig_Spine-anim" name="mixamorig_Spine">
      <source id="mixamorig_Spine-Matrix-animation-input">
        <float_array id="mixamorig_Spine-Matrix-animation-input-array" count="20">

0.000000 0.033333 0.066667 0.100000 0.133333 0.166667 0.200000 0.233333 0.266667 0.300000 0.333333 0.366667 0.400000 0.433333 0.466667 0.500000
0.533333 0.566667 0.600000 0.633333</float_array>
        <technique_common>
          <accessor source="#mixamorig_Spine-Matrix-animation-input-array" count="20">
            <param name="TIME" type="float"/>
          </accessor>
        </technique_common>
      </source>
      <source id="mixamorig_Spine-Matrix-animation-output-transform">
        <float_array id="mixamorig_Spine-Matrix-animation-output-transform-array" count="320">

0.965402 -0.076639 0.249250 0.004700 0.116537 0.981875 -0.149468 5.245300 -0.233277 0.173343 0.956835 0.258800 0.000000 0.000000 0.000000 1.000000
0.959832 -0.034462 0.278451 0.004700 0.058590 0.995167 -0.078797 5.245300 -0.274389 0.091946 0.957213 0.258800 0.000000 0.000000 0.000000 1.000000
0.956797 0.001522 0.290753 0.004700 0.001464 0.999948 -0.010051 5.245300 -0.290753 0.010042 0.956745 0.258800 0.000000 0.000000 0.000000 1.000000
0.955664 -0.004377 0.294427 0.004700 0.001086 0.999935 0.011339 5.245300 -0.294458 -0.010516 0.955607 0.258800 0.000000 0.000000 0.000000 1.000000
0.967384 0.021496 0.252401 0.004700 -0.010251 0.998899 -0.045783 5.245300 -0.253107 0.041702 0.966539 0.258800 0.000000 0.000000 0.000000 1.000000
0.984476 0.082137 0.155113 0.004700 -0.062925 0.990166 -0.124948 5.245300 -0.163851 0.113248 0.979963 0.258800 0.000000 0.000000 0.000000 1.000000
0.989210 0.142225 0.035157 0.004700 -0.133831 0.974863 -0.178133 5.245300 -0.059608 0.171505 0.983378 0.258800 0.000000 0.000000 0.000000 1.000000
0.975418 0.207415 -0.074425 0.004700 -0.217931 0.958013 -0.186325 5.245300 0.032653 0.197964 0.979665 0.258800 0.000000 0.000000 0.000000 1.000000
0.959282 0.229476 -0.164680 0.004700 -0.251567 0.959239 -0.128742 5.245300 0.128424 0.164927 0.977909 0.258800 0.000000 0.000000 0.000000 1.000000
0.955718 0.186586 -0.227572 0.004700 -0.197168 0.980064 -0.024478 5.245300 0.218467 0.068264 0.973454 0.258800 0.000000 0.000000 0.000000 1.000000
0.949555 0.138455 -0.281381 0.004700 -0.121956 0.989666 0.075413 5.245300 0.288915 -0.037293 0.956628 0.258800 0.000000 0.000000 0.000000 1.000000
0.946168 0.093047 -0.310013 0.004700 -0.057859 0.990984 0.120844 5.245300 0.318462 -0.096402 0.943021 0.258800 0.000000 0.000000 0.000000 1.000000
0.948674 0.073058 -0.307702 0.004700 -0.037472 0.992065 0.120015 5.245300 0.314029 -0.102325 0.943883 0.258800 0.000000 0.000000 0.000000 1.000000
0.955060 0.056491 -0.290981 0.004700 -0.032710 0.995762 0.085956 5.245300 0.294603 -0.072575 0.952860 0.258800 0.000000 0.000000 0.000000 1.000000
0.969273 0.038681 -0.242927 0.004700 -0.034136 0.999155 0.022892 5.245300 0.243608 -0.013896 0.969774 0.258800 0.000000 0.000000 0.000000 1.000000
0.988415 0.012501 -0.151258 0.004700 -0.022596 0.997616 -0.065209 5.245300 0.150082 0.067871 0.986341 0.258800 0.000000 0.000000 0.000000 1.000000
0.999527 -0.025340 -0.017424 0.004700 0.022444 0.988431 -0.150001 5.245300 0.021023 0.149539 0.988532 0.258800 0.000000 0.000000 0.000000 1.000000
0.992037 -0.067749 0.106170 0.004700 0.087545 0.976969 -0.194593 5.245300 -0.090541 0.202338 0.975121 0.258800 0.000000 0.000000 0.000000 1.000000
0.975866 -0.096113 0.196082 0.004700 0.133930 0.972647 -0.189789 5.245300 -0.172478 0.211470 0.962046 0.258800 0.000000 0.000000 0.000000 1.000000
0.965402 -0.076640 0.249250 0.004700 0.116537 0.981875 -0.149468 5.245300 -0.233277 0.173343 0.956835 0.258800 0.000000 0.000000 0.000000 1.000000</float_array>
        <technique_common>
          <accessor source="#mixamorig_Spine-Matrix-animation-output-transform-array" count="20" stride="16">
            <param type="float4x4"/>
          </accessor>
        </technique_common>
      </source>
      <source id="mixamorig_Spine-Interpolations">
        <Name_array id="mixamorig_Spine-Interpolations-array" count="20">
 LINEAR LINEAR LINEAR LINEAR LINEAR LINEAR LINEAR LINEAR LINEAR LINEAR LINEAR
LINEAR LINEAR LINEAR LINEAR LINEAR LINEAR LINEAR LINEAR LINEAR</Name_array>
        <technique_common>
          <accessor source="#mixamorig_Spine-Interpolations-array" count="20">
            <param type="name"/>
          </accessor>
        </technique_common>
      </source>
      <sampler id="mixamorig_Spine-Matrix-animation-transform">
        <input semantic="INPUT" source="#mixamorig_Spine-Matrix-animation-input"/>
        <input semantic="OUTPUT" source="#mixamorig_Spine-Matrix-animation-output-transform"/>
        <input semantic="INTERPOLATION" source="#mixamorig_Spine-Interpolations"/>
      </sampler>
      <channel source="#mixamorig_Spine-Matrix-animation-transform" target="mixamorig_Spine/matrix"/>
    </animation>
    <animation id="mixamorig_Spine1-anim" name="mixamorig_Spine1">
      <source id="mixamorig_Spine1-Matrix-animation-input">
        <float_array id="mixamorig_Spine1-Matrix-animation-input-array" count="20">

0.000000 0.033333 0.066667 0.100000 0.133333 0.166667 0.200000 0.233333 0.266667 0.300000 0.333333 0.366667 0.400000 0.433333 0.466667 0.500000
0.533333 0.566667 0.600000 0.633333</float_array>
        <technique_common>
          <accessor source="#mixamorig_Spine1-Matrix-animation-input-array" count="20">
            <param name="TIME" type="float"/>
          </accessor>
        </technique_common>
      </source>
      <source id="mixamorig_Spine1-Matrix-animation-output-transform">
        <float_array id="mixamorig_Spine1-Matrix-animation-output-transform-array" count="320">

0.999243 -0.027431 0.027593 -0.000000 0.023617 0.991213 0.130148 11.066900 -0.030921 -0.129398 0.991110 0.000000 0.000000 0.000000 0.000000 1.000000
0.999175 -0.025401 0.031701 0.000000 0.021903 0.994103 0.106203 11.066900 -0.034212 -0.105421 0.993839 -0.000000 0.000000 0.000000 0.000000 1.000000
0.999249 -0.014705 0.035857 0.000000 0.011783 0.996694 0.080392 11.066900 -0.036920 -0.079909 0.996118 -0.000000 0.000000 0.000000 0.000000 1.000000
0.999255 -0.002051 0.038544 0.000000 -0.000643 0.997563 0.069763 11.066900 -0.038593 -0.069736 0.996819 0.000000 0.000000 0.000000 0.000000 1.000000
0.999478 -0.005197 0.031872 0.000000 0.002813 0.997225 0.074397 11.066900 -0.032170 -0.074268 0.996719 0.000000 0.000000 0.000000 0.000000 1.000000
0.999529 -0.027226 0.014166 0.000000 0.025813 0.995440 0.091827 11.066900 -0.016601 -0.091418 0.995674 0.000000 0.000000 0.000000 0.000000 1.000000
0.998625 -0.052098 -0.005878 0.000000 0.052427 0.991411 0.119818 11.066900 -0.000415 -0.119961 0.992779 0.000000 0.000000 0.000000 0.000000 1.000000
0.997510 -0.067355 -0.020890 0.000000 0.069515 0.988991 0.130635 11.066900 0.011861 -0.131762 0.991210 -0.000000 0.000000 0.000000 0.000000 1.000000
0.996741 -0.073964 -0.032193 -0.000000 0.076876 0.991877 0.101339 11.066900 0.024436 -0.103484 0.994331 0.000000 0.000000 0.000000 0.000000 1.000000
0.996902 -0.067139 -0.040962 0.000000 0.069547 0.995743 0.060498 11.066900 0.036726 -0.063160 0.997327 0.000000 0.000000 0.000000 0.000000 1.000000
0.997688 -0.049974 -0.046067 0.000000 0.051691 0.997982 0.036868 11.066900 0.044131 -0.039164 0.998258 0.000000 0.000000 0.000000 0.000000 1.000000
0.998006 -0.041811 -0.047283 0.000000 0.043100 0.998717 0.026578 11.066900 0.046111 -0.028563 0.998528 -0.000000 0.000000 0.000000 0.000000 1.000000
0.997777 -0.048092 -0.046133 -0.000000 0.049195 0.998523 0.023077 11.066900 0.044955 -0.025295 0.998669 -0.000000 0.000000 0.000000 0.000000 1.000000
0.997266 -0.058853 -0.044676 0.000000 0.060133 0.997802 0.027857 11.066900 0.042938 -0.030467 0.998613 0.000000 0.000000 0.000000 0.000000 1.000000
0.997285 -0.061962 -0.039788 0.000000 0.063707 0.996989 0.044211 11.066900 0.036929 -0.046626 0.998230 0.000000 0.000000 0.000000 0.000000 1.000000
0.998528 -0.047529 -0.026118 -0.000000 0.049236 0.996390 0.069157 11.066900 0.022736 -0.070342 0.997264 0.000000 0.000000 0.000000 0.000000 1.000000
0.999602 -0.027385 -0.006794 0.000000 0.027906 0.995123 0.094608 11.066900 0.004170 -0.094759 0.995491 0.000000 0.000000 0.000000 0.000000 1.000000
0.999750 -0.019947 0.010082 0.000000 0.018619 0.992842 0.117978 11.066900 -0.012363 -0.117761 0.992965 0.000000 0.000000 0.000000 0.000000 1.000000
0.999506 -0.023357 0.021027 0.000000 0.020322 0.990707 0.134490 11.066900 -0.023973 -0.133996 0.990692 0.000000 0.000000 0.000000 0.000000 1.000000
0.999243 -0.027431 0.027593 0.000000 0.023617 0.991213 0.130148 11.066900 -0.030921 -0.129398 0.991111 0.000000 0.000000 0.000000 0.000000 1.000000</float_array>
        <technique_common>
          <accessor source="#mixamorig_Spine1-Matrix-animation-output-transform-array" count="20" stride="16">
            <param type="float4x4"/>
          </accessor>
        </technique_common>
      </source>
      <source id="mixamorig_Spine1-Interpolations">
        <Name_array id="mixamorig_Spine1-Interpolations-array" count="20">
 LINEAR LINEAR LINEAR LINEAR LINEAR LINEAR LINEAR LINEAR LINEAR LINEAR LINEAR
LINEAR LINEAR LINEAR LINEAR LINEAR LINEAR LINEAR LINEAR LINEAR</Name_array>
        <technique_common>
          <accessor source="#mixamorig_Spine1-Interpolations-array" count="20">
            <param type="name"/>
          </accessor>
        </technique_common>
      </source>
      <sampler id="mixamorig_Spine1-Matrix-animation-transform">
        <input semantic="INPUT" source="#mixamorig_Spine1-Matrix-animation-input"/>
        <input semantic="OUTPUT" source="#mixamorig_Spine1-Matrix-animation-output-transform"/>
        <input semantic="INTERPOLATION" source="#mixamorig_Spine1-Interpolations"/>
      </sampler>
      <channel source="#mixamorig_Spine1-Matrix-animation-transform" target="mixamorig_Spine1/matrix"/>
    </animation>
    <animation id="mixamorig_Spine2-anim" name="mixamorig_Spine2">
      <source id="mixamorig_Spine2-Matrix-animation-input">
        <float_array id="mixamorig_Spine2-Matrix-animation-input-array" count="20">

0.000000 0.033333 0.066667 0.100000 0.133333 0.166667 0.200000 0.233333 0.266667 0.300000 0.333333 0.366667 0.400000 0.433333 0.466667 0.500000
0.533333 0.566667 0.600000 0.633333</float_array>
        <technique_common>
          <accessor source="#mixamorig_Spine2-Matrix-animation-input-array" count="20">
            <param name="TIME" type="float"/>
          </accessor>
        </technique_common>
      </source>
      <source id="mixamorig_Spine2-Matrix-animation-output-transform">
        <float_array id="mixamorig_Spine2-Matrix-animation-output-transform-array" count="320">

0.999290 -0.021294 0.031079 0.000000 0.023576 0.996902 -0.075038 8.141900 -0.029385 0.075718 0.996696 -0.000000 0.000000 0.000000 0.000000 1.000000
0.999221 -0.018706 0.034738 0.000000 0.022026 0.994963 -0.097795 8.141900 -0.032734 0.098484 0.994600 -0.000000 0.000000 0.000000 0.000000 1.000000
0.999258 -0.008614 0.037537 0.000000 0.013167 0.992347 -0.122779 8.141900 -0.036192 0.123182 0.991724 -0.000000 0.000000 0.000000 0.000000 1.000000
0.999260 0.003009 0.038336 -0.000000 0.002187 0.990872 -0.134787 8.141900 -0.038392 0.134771 0.990133 0.000000 0.000000 0.000000 0.000000 1.000000
0.999489 -0.001088 0.031947 0.000000 0.005267 0.991365 -0.131024 8.141900 -0.031528 0.131125 0.990864 0.000000 0.000000 0.000000 0.000000 1.000000
0.999557 -0.023862 0.017789 0.000000 0.025696 0.993457 -0.111278 8.141900 -0.015017 0.111686 0.993630 0.000000 0.000000 0.000000 0.000000 1.000000
0.998673 -0.051478 0.001280 -0.000000 0.051406 0.995206 -0.083207 8.141900 0.003009 0.083162 0.996531 0.000000 0.000000 0.000000 0.000000 1.000000
0.997414 -0.070879 -0.011865 0.000000 0.069799 0.994749 -0.074848 8.141900 0.017108 0.073826 0.997124 -0.000000 0.000000 0.000000 0.000000 1.000000
0.996714 -0.078104 -0.021468 0.000000 0.075305 0.991119 -0.109600 8.141900 0.029838 0.107623 0.993744 0.000000 0.000000 0.000000 0.000000 1.000000
0.997044 -0.070676 -0.030134 0.000000 0.064581 0.983389 -0.169634 8.141900 0.041623 0.167186 0.985046 -0.000000 0.000000 0.000000 0.000000 1.000000
0.997841 -0.053959 -0.037451 -0.000000 0.044492 0.974725 -0.218934 8.141900 0.048318 0.216795 0.975021 0.000000 0.000000 0.000000 0.000000 1.000000
0.998209 -0.044020 -0.040515 0.000000 0.032824 0.969149 -0.244280 8.141900 0.050018 0.242513 0.968858 0.000000 0.000000 0.000000 0.000000 1.000000
0.998012 -0.049291 -0.039275 -0.000000 0.037901 0.967278 -0.250873 8.141900 0.050355 0.248886 0.967223 -0.000000 0.000000 0.000000 0.000000 1.000000
0.997474 -0.061174 -0.036089 0.000000 0.050817 0.969659 -0.239120 8.141900 0.049622 0.236682 0.970319 0.000000 0.000000 0.000000 0.000000 1.000000
0.997507 -0.063773 -0.030218 0.000000 0.056305 0.977354 -0.203982 8.141900 0.042542 0.201772 0.978508 0.000000 0.000000 0.000000 0.000000 1.000000
0.998568 -0.050077 -0.018819 0.000000 0.046588 0.986942 -0.154192 8.141900 0.026295 0.153095 0.987862 0.000000 0.000000 0.000000 0.000000 1.000000
0.999509 -0.031199 -0.002786 0.000000 0.030697 0.993334 -0.111112 8.141900 0.006234 0.110972 0.993804 0.000000 0.000000 0.000000 0.000000 1.000000
0.999697 -0.020906 0.012988 0.000000 0.021925 0.996221 -0.084040 8.141900 -0.011182 0.084299 0.996378 -0.000000 0.000000 0.000000 0.000000 1.000000
0.999507 -0.019887 0.024299 0.000000 0.021550 0.997297 -0.070241 8.141900 -0.022837 0.070730 0.997234 0.000000 0.000000 0.000000 0.000000 1.000000
0.999290 -0.021294 0.031079 -0.000000 0.023577 0.996902 -0.075038 8.141900 -0.029385 0.075718 0.996696 0.000000 0.000000 0.000000 0.000000 1.000000</float_array>
        <technique_common>
          <accessor source="#mixamorig_Spine2-Matrix-animation-output-transform-array" count="20" stride="16">
            <param type="float4x4"/>
          </accessor>
        </technique_common>
      </source>
      <source id="mixamorig_Spine2-Interpolations">
        <Name_array id="mixamorig_Spine2-Interpolations-array" count="20">
 LINEAR LINEAR LINEAR LINEAR LINEAR LINEAR LINEAR LINEAR LINEAR LINEAR LINEAR
LINEAR LINEAR LINEAR LINEAR LINEAR LINEAR LINEAR LINEAR LINEAR</Name_array>
        <technique_common>
          <accessor source="#mixamorig_Spine2-Interpolations-array" count="20">
            <param type="name"/>
          </accessor>
        </technique_common>
      </source>
      <sampler id="mixamorig_Spine2-Matrix-animation-transform">
        <input semantic="INPUT" source="#mixamorig_Spine2-Matrix-animation-input"/>
        <input semantic="OUTPUT" source="#mixamorig_Spine2-Matrix-animation-output-transform"/>
        <input semantic="INTERPOLATION" source="#mixamorig_Spine2-Interpolations"/>
      </sampler>
      <channel source="#mixamorig_Spine2-Matrix-animation-transform" target="mixamorig_Spine2/matrix"/>
    </animation>
    <animation id="mixamorig_Neck-anim" name="mixamorig_Neck">
      <source id="mixamorig_Neck-Matrix-animation-input">
        <float_array id="mixamorig_Neck-Matrix-animation-input-array" count="20">

0.000000 0.033333 0.066667 0.100000 0.133333 0.166667 0.200000 0.233333 0.266667 0.300000 0.333333 0.366667 0.400000 0.433333 0.466667 0.500000
0.533333 0.566667 0.600000 0.633333</float_array>
        <technique_common>
          <accessor source="#mixamorig_Neck-Matrix-animation-input-array" count="20">
            <param name="TIME" type="float"/>
          </accessor>
        </technique_common>
      </source>
      <source id="mixamorig_Neck-Matrix-animation-output-transform">
        <float_array id="mixamorig_Neck-Matrix-animation-output-transform-array" count="320">

0.997638 0.053298 -0.043326 -0.112200 -0.056499 0.995476 -0.076387 18.919500 0.039059 0.078654 0.996136 -3.736100 0.000000 0.000000 0.000000 1.000000
0.997311 0.049108 -0.054405 -0.112200 -0.054384 0.993483 -0.100173 18.919500 0.049131 0.102862 0.993482 -3.736100 0.000000 0.000000 0.000000 1.000000
0.997083 0.045154 -0.061533 -0.112200 -0.050623 0.994615 -0.090430 18.919500 0.057118 0.093281 0.994000 -3.736100 0.000000 0.000000 0.000000 1.000000
0.996757 0.048899 -0.063912 -0.112200 -0.052870 0.996675 -0.062000 18.919500 0.060668 0.065178 0.996028 -3.736100 0.000000 0.000000 0.000000 1.000000
0.995863 0.068002 -0.060279 -0.112200 -0.070621 0.996600 -0.042446 18.919500 0.057188 0.046527 0.997279 -3.736100 0.000000 0.000000 0.000000 1.000000
0.994636 0.089707 -0.051491 -0.112200 -0.091971 0.994814 -0.043422 18.919500 0.047329 0.047925 0.997729 -3.736100 0.000000 0.000000 0.000000 1.000000
0.994640 0.095922 -0.038607 -0.112200 -0.097871 0.993827 -0.052241 18.919500 0.033358 0.055739 0.997888 -3.736100 0.000000 0.000000 0.000000 1.000000
0.996559 0.079799 -0.022407 -0.112200 -0.080795 0.995585 -0.047783 18.919500 0.018495 0.049429 0.998606 -3.736100 0.000000 0.000000 0.000000 1.000000
0.998655 0.051652 -0.004504 -0.112200 -0.051756 0.998294 -0.027033 18.919500 0.003100 0.027230 0.999624 -3.736100 0.000000 0.000000 0.000000 1.000000
0.999509 0.028960 0.011937 -0.112200 -0.028894 0.999566 -0.005667 18.919500 -0.012096 0.005319 0.999913 -3.736100 0.000000 0.000000 0.000000 1.000000
0.999507 0.020664 0.023652 -0.112200 -0.020779 0.999773 0.004617 18.919500 -0.023551 -0.005106 0.999710 -3.736100 0.000000 0.000000 0.000000 1.000000
0.999336 0.021562 0.029367 -0.112200 -0.021808 0.999729 0.008093 18.919500 -0.029184 -0.008728 0.999536 -3.736100 0.000000 0.000000 0.000000 1.000000
0.999316 0.021724 0.029918 -0.112200 -0.022144 0.999660 0.013776 18.919500 -0.029608 -0.014429 0.999457 -3.736100 0.000000 0.000000 0.000000 1.000000
0.999471 0.018756 0.026575 -0.112200 -0.019365 0.999551 0.022873 18.919500 -0.026134 -0.023376 0.999385 -3.736100 0.000000 0.000000 0.000000 1.000000
0.999633 0.018272 0.019987 -0.112200 -0.018884 0.999346 0.030853 18.919500 -0.019410 -0.031219 0.999324 -3.736100 0.000000 0.000000 0.000000 1.000000
0.999631 0.025008 0.010565 -0.112200 -0.025352 0.999107 0.033806 18.919500 -0.009710 -0.034061 0.999373 -3.736100 0.000000 0.000000 0.000000 1.000000
0.999300 0.037395 -0.001129 -0.112200 -0.037349 0.998912 0.027921 18.919500 0.002172 -0.027860 0.999609 -3.736100 0.000000 0.000000 0.000000 1.000000
0.998672 0.049430 -0.014514 -0.112200 -0.049315 0.998750 0.008158 18.919500 0.014899 -0.007432 0.999861 -3.736100 0.000000 0.000000 0.000000 1.000000
0.998074 0.054768 -0.029129 -0.112200 -0.055647 0.997992 -0.030258 18.919500 0.027414 0.031820 0.999118 -3.736100 0.000000 0.000000 0.000000 1.000000
0.997638 0.053298 -0.043326 -0.112200 -0.056499 0.995476 -0.076387 18.919500 0.039059 0.078654 0.996136 -3.736100 0.000000 0.000000 0.000000 1.000000</float_array>
        <technique_common>
          <accessor source="#mixamorig_Neck-Matrix-animation-output-transform-array" count="20" stride="16">
            <param type="float4x4"/>
          </accessor>
        </technique_common>
      </source>
      <source id="mixamorig_Neck-Interpolations">
        <Name_array id="mixamorig_Neck-Interpolations-array" count="20">
 LINEAR LINEAR LINEAR LINEAR LINEAR LINEAR LINEAR LINEAR LINEAR LINEAR LINEAR
LINEAR LINEAR LINEAR LINEAR LINEAR LINEAR LINEAR LINEAR LINEAR</Name_array>
        <technique_common>
          <accessor source="#mixamorig_Neck-Interpolations-array" count="20">
            <param type="name"/>
          </accessor>
        </technique_common>
      </source>
      <sampler id="mixamorig_Neck-Matrix-animation-transform">
        <input semantic="INPUT" source="#mixamorig_Neck-Matrix-animation-input"/>
        <input semantic="OUTPUT" source="#mixamorig_Neck-Matrix-animation-output-transform"/>
        <input semantic="INTERPOLATION" source="#mixamorig_Neck-Interpolations"/>
      </sampler>
      <channel source="#mixamorig_Neck-Matrix-animation-transform" target="mixamorig_Neck/matrix"/>
    </animation>
    <animation id="mixamorig_Head-anim" name="mixamorig_Head">
      <source id="mixamorig_Head-Matrix-animation-input">
        <float_array id="mixamorig_Head-Matrix-animation-input-array" count="20">

0.000000 0.033333 0.066667 0.100000 0.133333 0.166667 0.200000 0.233333 0.266667 0.300000 0.333333 0.366667 0.400000 0.433333 0.466667 0.500000
0.533333 0.566667 0.600000 0.633333</float_array>
        <technique_common>
          <accessor source="#mixamorig_Head-Matrix-animation-input-array" count="20">
            <param name="TIME" type="float"/>
          </accessor>
        </technique_common>
      </source>
      <source id="mixamorig_Head-Matrix-animation-output-transform">
        <float_array id="mixamorig_Head-Matrix-animation-output-transform-array" count="320">

0.993232 0.004900 -0.116040 0.000000 0.034669 0.941052 0.336481 8.673000 0.110848 -0.338227 0.934513 3.319300 0.000000 0.000000 0.000000 1.000000
0.984829 0.005854 -0.173431 -0.000000 0.047660 0.951873 0.302764 8.673000 0.166857 -0.306436 0.937153 3.319300 0.000000 0.000000 0.000000 1.000000
0.977517 0.008230 -0.210696 -0.000000 0.051257 0.959990 0.275302 8.673000 0.204531 -0.279912 0.937985 3.319300 0.000000 0.000000 0.000000 1.000000
0.974699 0.004843 -0.223471 0.000000 0.057343 0.960889 0.270932 8.673000 0.216043 -0.276892 0.936299 3.319300 0.000000 0.000000 0.000000 1.000000
0.977395 -0.002644 -0.211406 0.000000 0.064650 0.955764 0.286941 8.673000 0.201295 -0.294122 0.934330 3.319300 0.000000 0.000000 0.000000 1.000000
0.983545 -0.010657 -0.180348 0.000000 0.069123 0.944499 0.321160 8.673000 0.166916 -0.328341 0.929694 3.319300 0.000000 0.000000 0.000000 1.000000
0.990516 -0.018776 -0.136111 0.000000 0.067429 0.929555 0.362466 8.673000 0.119717 -0.368206 0.922004 3.319300 0.000000 0.000000 0.000000 1.000000
0.997018 -0.021193 -0.074200 -0.000000 0.048622 0.919199 0.390781 8.673000 0.059923 -0.393223 0.917488 3.319300 0.000000 0.000000 0.000000 1.000000
0.999854 -0.014093 0.009654 0.000000 0.009249 0.921757 0.387658 8.673000 -0.014362 -0.387512 0.921753 3.319300 0.000000 0.000000 0.000000 1.000000
0.995111 -0.002489 0.098733 0.000000 -0.032423 0.936046 0.350381 8.673000 -0.093291 -0.351869 0.931389 3.319300 0.000000 0.000000 0.000000 1.000000
0.986898 0.006315 0.161220 -0.000000 -0.054803 0.952945 0.298147 8.673000 -0.151751 -0.303076 0.940806 3.319300 0.000000 0.000000 0.000000 1.000000
0.982845 0.011978 0.184042 -0.000000 -0.060791 0.963163 0.261959 8.673000 -0.174124 -0.268653 0.947368 3.319300 0.000000 0.000000 0.000000 1.000000
0.983236 0.021030 0.181120 0.000000 -0.068906 0.962521 0.262309 8.673000 -0.168815 -0.270392 0.947834 3.319300 0.000000 0.000000 0.000000 1.000000
0.985799 0.034980 0.164246 -0.000000 -0.082288 0.953215 0.290879 8.673000 -0.146387 -0.300263 0.942557 3.319300 0.000000 0.000000 0.000000 1.000000
0.990290 0.045710 0.131290 -0.000000 -0.085803 0.944024 0.318522 8.673000 -0.109381 -0.326694 0.938780 3.319300 0.000000 0.000000 0.000000 1.000000
0.995242 0.047105 0.085285 -0.000000 -0.072656 0.942037 0.327547 8.673000 -0.064913 -0.332185 0.940978 3.319300 0.000000 0.000000 0.000000 1.000000
0.998437 0.039398 0.039638 0.000000 -0.050259 0.943151 0.328543 8.673000 -0.024441 -0.330021 0.943657 3.319300 0.000000 0.000000 0.000000 1.000000
0.999691 0.024814 -0.001696 0.000000 -0.022785 0.941004 0.337629 8.673000 0.009974 -0.337486 0.941278 3.319300 0.000000 0.000000 0.000000 1.000000
0.998552 0.010984 -0.052669 0.000000 0.008140 0.936828 0.349696 8.673000 0.053183 -0.349618 0.935382 3.319300 0.000000 0.000000 0.000000 1.000000
0.993232 0.004900 -0.116040 0.000000 0.034669 0.941052 0.336481 8.673000 0.110848 -0.338227 0.934513 3.319300 0.000000 0.000000 0.000000 1.000000</float_array>
        <technique_common>
          <accessor source="#mixamorig_Head-Matrix-animation-output-transform-array" count="20" stride="16">
            <param type="float4x4"/>
          </accessor>
        </technique_common>
      </source>
      <source id="mixamorig_Head-Interpolations">
        <Name_array id="mixamorig_Head-Interpolations-array" count="20">
 LINEAR LINEAR LINEAR LINEAR LINEAR LINEAR LINEAR LINEAR LINEAR LINEAR LINEAR
LINEAR LINEAR LINEAR LINEAR LINEAR LINEAR LINEAR LINEAR LINEAR</Name_array>
        <technique_common>
          <accessor source="#mixamorig_Head-Interpolations-array" count="20">
            <param type="name"/>
          </accessor>
        </technique_common>
      </source>
      <sampler id="mixamorig_Head-Matrix-animation-transform">
        <input semantic="INPUT" source="#mixamorig_Head-Matrix-animation-input"/>
        <input semantic="OUTPUT" source="#mixamorig_Head-Matrix-animation-output-transform"/>
        <input semantic="INTERPOLATION" source="#mixamorig_Head-Interpolations"/>
      </sampler>
      <channel source="#mixamorig_Head-Matrix-animation-transform" target="mixamorig_Head/matrix"/>
    </animation>
    <animation id="mixamorig_LeftShoulder-anim" name="mixamorig_LeftShoulder">
      <source id="mixamorig_LeftShoulder-Matrix-animation-input">
        <float_array id="mixamorig_LeftShoulder-Matrix-animation-input-array" count="20">

0.000000 0.033333 0.066667 0.100000 0.133333 0.166667 0.200000 0.233333 0.266667 0.300000 0.333333 0.366667 0.400000 0.433333 0.466667 0.500000
0.533333 0.566667 0.600000 0.633333</float_array>
        <technique_common>
          <accessor source="#mixamorig_LeftShoulder-Matrix-animation-input-array" count="20">
            <param name="TIME" type="float"/>
          </accessor>
        </technique_common>
      </source>
      <source id="mixamorig_LeftShoulder-Matrix-animation-output-transform">
        <float_array id="mixamorig_LeftShoulder-Matrix-animation-output-transform-array" count="320">

0.140471 0.957426 -0.252196 6.339200 0.045913 -0.260747 -0.964315 14.952900 -0.989020 0.123879 -0.080586 -4.642900 0.000000 0.000000 0.000000 1.000000
0.135986 0.962145 -0.236187 6.339200 0.044360 -0.244075 -0.968741 14.952900 -0.989717 0.121258 -0.075872 -4.642900 0.000000 0.000000 0.000000 1.000000
0.134166 0.964672 -0.226734 6.339200 0.043636 -0.234332 -0.971177 14.952900 -0.989998 0.120405 -0.073533 -4.642900 0.000000 0.000000 0.000000 1.000000
0.145137 0.957953 -0.247511 6.339200 0.046835 -0.256531 -0.965401 14.952900 -0.988302 0.128523 -0.082098 -4.642900 0.000000 0.000000 0.000000 1.000000
0.168880 0.940466 -0.294962 6.339200 0.053393 -0.307550 -0.950033 14.952900 -0.984189 0.144693 -0.102154 -4.642900 0.000000 0.000000 0.000000 1.000000
0.194626 0.923176 -0.331462 6.339200 0.059914 -0.348482 -0.935399 14.952900 -0.979046 0.162193 -0.123135 -4.642900 0.000000 0.000000 0.000000 1.000000
0.208467 0.915278 -0.344686 6.339200 0.063226 -0.364304 -0.929131 14.952900 -0.975984 0.171900 -0.133815 -4.642900 0.000000 0.000000 0.000000 1.000000
0.180706 0.926874 -0.329015 6.339200 0.057460 -0.343899 -0.937247 14.952900 -0.981857 0.150461 -0.115403 -4.642900 0.000000 0.000000 0.000000 1.000000
0.120670 0.949026 -0.291186 6.339200 0.043655 -0.298119 -0.953530 14.952900 -0.991732 0.102351 -0.077403 -4.642900 0.000000 0.000000 0.000000 1.000000
0.064434 0.968240 -0.241578 6.339200 0.030076 -0.243855 -0.969345 14.952900 -0.997469 0.055193 -0.044833 -4.642900 0.000000 0.000000 0.000000 1.000000
0.025725 0.977811 -0.207904 6.339200 0.020370 -0.208442 -0.977822 14.952900 -0.999461 0.020920 -0.025280 -4.642900 0.000000 0.000000 0.000000 1.000000
0.018115 0.977919 -0.208197 6.339200 0.018796 -0.208527 -0.977836 14.952900 -0.999659 0.013800 -0.022158 -4.642900 0.000000 0.000000 0.000000 1.000000
0.038275 0.974618 -0.220576 6.339200 0.023632 -0.221559 -0.974861 14.952900 -0.998988 0.032100 -0.031513 -4.642900 0.000000 0.000000 0.000000 1.000000
0.069111 0.968924 -0.237509 6.339200 0.031032 -0.240051 -0.970264 14.952900 -0.997126 0.059686 -0.046658 -4.642900 0.000000 0.000000 0.000000 1.000000
0.097187 0.961307 -0.257765 6.339200 0.037443 -0.262339 -0.964249 14.952900 -0.994562 0.084061 -0.061490 -4.642900 0.000000 0.000000 0.000000 1.000000
0.120439 0.954607 -0.272434 6.339200 0.042664 -0.279156 -0.959298 14.952900 -0.991804 0.103914 -0.074348 -4.642900 0.000000 0.000000 0.000000 1.000000
0.148323 0.946062 -0.288041 6.339200 0.049308 -0.297975 -0.953299 14.952900 -0.987709 0.127193 -0.090845 -4.642900 0.000000 0.000000 0.000000 1.000000
0.162498 0.941992 -0.293676 6.339200 0.052453 -0.305458 -0.950760 14.952900 -0.985314 0.139092 -0.099047 -4.642900 0.000000 0.000000 0.000000 1.000000
0.149663 0.950460 -0.272445 6.339200 0.048938 -0.282331 -0.958068 14.952900 -0.987525 0.130054 -0.088769 -4.642900 0.000000 0.000000 0.000000 1.000000
0.140471 0.957426 -0.252196 6.339200 0.045913 -0.260747 -0.964315 14.952900 -0.989020 0.123880 -0.080586 -4.642900 0.000000 0.000000 0.000000 1.000000</float_array>
        <technique_common>
          <accessor source="#mixamorig_LeftShoulder-Matrix-animation-output-transform-array" count="20" stride="16">
            <param type="float4x4"/>
          </accessor>
        </technique_common>
      </source>
      <source id="mixamorig_LeftShoulder-Interpolations">
        <Name_array id="mixamorig_LeftShoulder-Interpolations-array" count="20">
 LINEAR LINEAR LINEAR LINEAR LINEAR LINEAR LINEAR LINEAR LINEAR LINEAR LINEAR
LINEAR LINEAR LINEAR LINEAR LINEAR LINEAR LINEAR LINEAR LINEAR</Name_array>
        <technique_common>
          <accessor source="#mixamorig_LeftShoulder-Interpolations-array" count="20">
            <param type="name"/>
          </accessor>
        </technique_common>
      </source>
      <sampler id="mixamorig_LeftShoulder-Matrix-animation-transform">
        <input semantic="INPUT" source="#mixamorig_LeftShoulder-Matrix-animation-input"/>
        <input semantic="OUTPUT" source="#mixamorig_LeftShoulder-Matrix-animation-output-transform"/>
        <input semantic="INTERPOLATION" source="#mixamorig_LeftShoulder-Interpolations"/>
      </sampler>
      <channel source="#mixamorig_LeftShoulder-Matrix-animation-transform" target="mixamorig_LeftShoulder/matrix"/>
    </animation>
    <animation id="mixamorig_LeftArm-anim" name="mixamorig_LeftArm">
      <source id="mixamorig_LeftArm-Matrix-animation-input">
        <float_array id="mixamorig_LeftArm-Matrix-animation-input-array" count="20">

0.000000 0.033333 0.066667 0.100000 0.133333 0.166667 0.200000 0.233333 0.266667 0.300000 0.333333 0.366667 0.400000 0.433333 0.466667 0.500000
0.533333 0.566667 0.600000 0.633333</float_array>
        <technique_common>
          <accessor source="#mixamorig_LeftArm-Matrix-animation-input-array" count="20">
            <param name="TIME" type="float"/>
          </accessor>
        </technique_common>
      </source>
      <source id="mixamorig_LeftArm-Matrix-animation-output-transform">
        <float_array id="mixamorig_LeftArm-Matrix-animation-output-transform-array" count="320">

0.473158 0.805608 0.356535 0.000000 -0.223897 0.501380 -0.835756 9.143700 -0.852051 0.315618 0.417605 0.000000 0.000000 0.000000 0.000000 1.000000
0.361847 0.858067 0.364401 0.000000 -0.307514 0.478874 -0.822262 9.143700 -0.880058 0.185475 0.437146 0.000000 0.000000 0.000000 0.000000 1.000000
0.365683 0.872478 0.324126 0.000000 -0.348996 0.451372 -0.821258 9.143700 -0.862832 0.187201 0.469550 0.000000 0.000000 0.000000 0.000000 1.000000
0.480000 0.842320 0.245147 0.000000 -0.357016 0.442817 -0.822468 9.143700 -0.801336 0.307263 0.513274 0.000000 0.000000 0.000000 0.000000 1.000000
0.634425 0.756990 0.156433 -0.000000 -0.339220 0.454500 -0.823626 9.143700 -0.694575 0.469464 0.545133 -0.000000 0.000000 0.000000 0.000000 1.000000
0.773458 0.623615 0.113436 0.000000 -0.276583 0.493081 -0.824847 9.143700 -0.570320 0.606610 0.553859 -0.000000 0.000000 0.000000 0.000000 1.000000
0.901439 0.415238 0.122414 0.000000 -0.153831 0.571566 -0.806007 9.143700 -0.404653 0.707735 0.579109 0.000000 0.000000 0.000000 0.000000 1.000000
0.991077 0.076335 0.109265 0.000000 0.035729 0.637612 -0.769528 9.143700 -0.128410 0.766566 0.629196 -0.000000 0.000000 0.000000 0.000000 1.000000
0.950109 -0.311825 0.007569 0.000000 0.211879 0.627393 -0.749323 9.143700 0.228909 0.713543 0.662161 -0.000000 0.000000 0.000000 0.000000 1.000000
0.816818 -0.559620 -0.140117 0.000000 0.296511 0.615599 -0.730149 9.143700 0.494862 0.554853 0.668767 -0.000000 0.000000 0.000000 0.000000 1.000000
0.728289 -0.642724 -0.237697 -0.000000 0.348032 0.645718 -0.679648 9.143700 0.590312 0.412254 0.693958 -0.000000 0.000000 0.000000 0.000000 1.000000
0.726965 -0.646995 -0.230041 -0.000000 0.404129 0.673964 -0.618427 9.143700 0.555159 0.356609 0.751418 0.000000 0.000000 0.000000 0.000000 1.000000
0.809315 -0.578440 -0.102059 -0.000000 0.415686 0.686801 -0.596246 9.143700 0.414987 0.440126 0.796288 0.000000 0.000000 0.000000 0.000000 1.000000
0.920628 -0.378444 0.096045 0.000000 0.347153 0.680824 -0.644953 9.143700 0.178689 0.627103 0.758163 -0.000000 0.000000 0.000000 0.000000 1.000000
0.965169 -0.084988 0.247437 0.000000 0.243526 0.637502 -0.730949 9.143700 -0.095620 0.765747 0.635994 0.000000 0.000000 0.000000 0.000000 1.000000
0.940391 0.187705 0.283606 0.000000 0.123763 0.587848 -0.799448 9.143700 -0.316778 0.786894 0.529576 0.000000 0.000000 0.000000 0.000000 1.000000
0.884274 0.396876 0.246069 0.000000 -0.010537 0.543773 -0.839166 9.143700 -0.466850 0.739460 0.485026 0.000000 0.000000 0.000000 0.000000 1.000000
0.794601 0.559445 0.235862 -0.000000 -0.099300 0.503008 -0.858558 9.143700 -0.598957 0.658790 0.455244 0.000000 0.000000 0.000000 0.000000 1.000000
0.647585 0.700622 0.299604 -0.000000 -0.143089 0.498001 -0.855290 9.143700 -0.748438 0.511003 0.422749 0.000000 0.000000 0.000000 0.000000 1.000000
0.473158 0.805608 0.356535 -0.000000 -0.223898 0.501379 -0.835756 9.143700 -0.852051 0.315618 0.417606 0.000000 0.000000 0.000000 0.000000 1.000000</float_array>
        <technique_common>
          <accessor source="#mixamorig_LeftArm-Matrix-animation-output-transform-array" count="20" stride="16">
            <param type="float4x4"/>
          </accessor>
        </technique_common>
      </source>
      <source id="mixamorig_LeftArm-Interpolations">
        <Name_array id="mixamorig_LeftArm-Interpolations-array" count="20">
 LINEAR LINEAR LINEAR LINEAR LINEAR LINEAR LINEAR LINEAR LINEAR LINEAR LINEAR
LINEAR LINEAR LINEAR LINEAR LINEAR LINEAR LINEAR LINEAR LINEAR</Name_array>
        <technique_common>
          <accessor source="#mixamorig_LeftArm-Interpolations-array" count="20">
            <param type="name"/>
          </accessor>
        </technique_common>
      </source>
      <sampler id="mixamorig_LeftArm-Matrix-animation-transform">
        <input semantic="INPUT" source="#mixamorig_LeftArm-Matrix-animation-input"/>
