<?xml version="1.0" encoding="utf-8"?>
<COLLADA xmlns="http://www.collada.org/2005/11/COLLADASchema" version="1.4.1">
  <asset>
    <contributor>
      <author>Mixamo</author>
      <authoring_tool>COLLADA Mixamo exporter</authoring_tool>
      <comments/>
    </contributor>
    <created>2023-05-08T20:22:19Z</created>
    <modified>2023-05-08T20:22:19Z</modified>
    <revision/>
    <title/>
    <unit meter="0.010000"/>
    <up_axis>Y_UP</up_axis>
  </asset>
  <library_animations>
    <animation id="mixamorig_Hips-anim" name="mixamorig_Hips">
      <source id="mixamorig_Hips-Matrix-animation-input">
        <float_array id="mixamorig_Hips-Matrix-animation-input-array" count="34">

0.000000 0.033333 0.066667 0.100000 0.133333 0.166667 0.200000 0.233333 0.266667 0.300000 0.333333 0.366667 0.400000 0.433333 0.466667 0.500000
0.533333 0.566667 0.600000 0.633333 0.666667 0.700000 0.733333 0.766667 0.800000 0.833333 0.866667 0.900000 0.933333 0.966667 1.000000 1.033333
1.066667 1.100000</float_array>
        <technique_common>
          <accessor source="#mixamorig_Hips-Matrix-animation-input-array" count="34">
            <param name="TIME" type="float"/>
          </accessor>
        </technique_common>
      </source>
      <source id="mixamorig_Hips-Matrix-animation-output-transform">
        <float_array id="mixamorig_Hips-Matrix-animation-output-transform-array" count="544">

0.995153 0.094509 0.027192 0.137601 -0.092745 0.993873 -0.060125 94.209427 -0.032708 0.057312 0.997820 2.381715 0.000000 0.000000 0.000000 1.000000
0.996329 0.082530 0.022732 -0.446193 -0.081255 0.995325 -0.052209 96.334915 -0.026934 0.050170 0.998377 4.025053 0.000000 0.000000 0.000000 1.000000
0.998131 0.061105 0.000781 0.119902 -0.060978 0.996735 -0.052928 97.751984 -0.004013 0.052781 0.998598 4.876682 0.000000 0.000000 0.000000 1.000000
0.999154 0.028449 -0.029694 1.192883 -0.030239 0.997637 -0.061695 97.653183 0.027868 0.062541 0.997653 4.657952 0.000000 0.000000 0.000000 1.000000
0.998630 -0.006812 -0.051873 2.120299 0.002543 0.996635 -0.081933 95.717499 0.052257 0.081689 0.995287 4.743496 0.000000 0.000000 0.000000 1.000000
0.997603 -0.030958 -0.061888 2.780889 0.025614 0.996021 -0.085363 91.807487 0.064284 0.083573 0.994426 6.038746 0.000000 0.000000 0.000000 1.000000
0.996975 -0.036511 -0.068616 3.056430 0.033625 0.998519 -0.042764 86.503929 0.070075 0.040327 0.996726 7.975557 0.000000 0.000000 0.000000 1.000000
0.997111 -0.025939 -0.071391 2.921173 0.026511 0.999623 0.007076 82.125580 0.071181 -0.008948 0.997423 8.755291 0.000000 0.000000 0.000000 1.000000
0.997561 -0.003652 -0.069703 2.327746 0.006433 0.999190 0.039713 82.359985 0.069502 -0.040065 0.996777 6.119591 0.000000 0.000000 0.000000 1.000000
0.998977 0.016040 -0.042280 1.133807 -0.017850 0.998924 -0.042795 94.304344 0.041548 0.043506 0.998189 5.705126 0.000000 0.000000 0.000000 1.000000
0.999171 0.032603 0.024366 0.567246 -0.022083 0.937115 -0.348321 118.596786 -0.034190 0.347494 0.937059 11.221977 0.000000 0.000000 0.000000 1.000000
0.995591 0.050240 0.079209 0.958472 0.002931 0.827382 -0.561631 136.750931 -0.093753 0.559387 0.823587 11.163298 0.000000 0.000000 0.000000 1.000000
0.994234 0.059774 0.089027 1.282512 0.013332 0.754884 -0.655723 145.981110 -0.106400 0.653129 0.749734 6.377266 0.000000 0.000000 0.000000 1.000000
0.995978 0.065896 0.060716 1.951296 0.007227 0.616320 -0.787463 155.672913 -0.089311 0.784734 0.613365 3.699738 0.000000 0.000000 0.000000 1.000000
0.998350 0.050834 0.026704 2.929332 0.003729 0.406678 -0.913564 164.929749 -0.057300 0.912156 0.405818 2.158679 0.000000 0.000000 0.000000 1.000000
0.999133 0.041585 0.002028 4.107923 -0.003791 0.139384 -0.990231 172.606232 -0.041461 0.989365 0.139420 1.950208 0.000000 0.000000 0.000000 1.000000
0.998542 0.041552 -0.034451 5.252388 -0.025871 -0.191733 -0.981106 178.052338 -0.047372 0.980567 -0.190378 3.876736 0.000000 0.000000 0.000000 1.000000
0.996686 0.024779 -0.077477 5.883363 -0.051722 -0.542071 -0.838739 180.203217 -0.062781 0.839967 -0.538993 7.018474 0.000000 0.000000 0.000000 1.000000
0.994870 -0.004724 -0.101053 5.886886 -0.060232 -0.830222 -0.554169 179.787979 -0.081278 0.557412 -0.826248 10.722021 0.000000 0.000000 0.000000 1.000000
0.994550 -0.034510 -0.098389 5.622426 -0.051774 -0.982536 -0.178723 176.691193 -0.090503 0.182843 -0.978968 14.874916 0.000000 0.000000 0.000000 1.000000
0.994954 -0.059442 -0.080828 4.967406 -0.041475 -0.977222 0.208129 169.753433 -0.091359 -0.203726 -0.974756 18.398125 0.000000 0.000000 0.000000 1.000000
0.994867 -0.073936 -0.069094 4.269502 -0.022458 -0.827070 0.561650 159.595078 -0.098672 -0.557215 -0.824485 20.859476 0.000000 0.000000 0.000000 1.000000
0.995213 -0.073492 -0.064422 3.544913 0.013767 -0.547177 0.836903 145.539093 -0.096756 -0.833784 -0.543546 23.266098 0.000000 0.000000 0.000000 1.000000
0.996839 -0.054798 -0.057521 2.938282 0.046890 -0.178650 0.982795 125.002220 -0.064131 -0.982386 -0.175516 21.826443 0.000000 0.000000 0.000000 1.000000
0.998314 -0.026976 -0.051404 2.694675 0.056154 0.224149 0.972936 105.507797 -0.014724 -0.974181 0.225286 7.901987 0.000000 0.000000 0.000000 1.000000
0.998221 0.001809 -0.059592 2.519062 0.040948 0.705693 0.707334 99.512573 0.043334 -0.708516 0.704363 -2.535240 0.000000 0.000000 0.000000 1.000000
0.994970 0.029184 -0.095829 1.964518 0.006598 0.935454 0.353386 89.671494 0.099957 -0.352241 0.930556 -6.241074 0.000000 0.000000 0.000000 1.000000
0.995593 -0.066318 -0.066299 1.053688 0.060312 0.994220 -0.088816 80.550575 0.071806 0.084426 0.993839 -4.762207 0.000000 0.000000 0.000000 1.000000
0.996051 -0.070717 -0.053681 0.593854 0.061039 0.984509 -0.164367 75.784691 0.064473 0.160441 0.984937 -5.899595 0.000000 0.000000 0.000000 1.000000
0.997660 -0.057569 -0.036879 0.323244 0.049977 0.982178 -0.181189 78.845200 0.046653 0.178922 0.982757 -7.127505 0.000000 0.000000 0.000000 1.000000
0.999303 -0.029429 -0.022948 0.200661 0.025386 0.986787 -0.160024 85.759415 0.027354 0.159330 0.986846 -7.562058 0.000000 0.000000 0.000000 1.000000
0.999799 0.016003 -0.012107 0.403565 -0.017339 0.992644 -0.119821 89.174408 0.010101 0.120006 0.992722 -6.399650 0.000000 0.000000 0.000000 1.000000
0.998014 0.062756 0.005364 0.391444 -0.062129 0.994868 -0.079856 91.367416 -0.010348 0.079364 0.996792 -3.311826 0.000000 0.000000 0.000000 1.000000
0.995153 0.094509 0.027192 0.137602 -0.092745 0.993873 -0.060125 94.209427 -0.032708 0.057312 0.997820 2.381716 0.000000 0.000000 0.000000 1.000000</float_array>
        <technique_common>
          <accessor source="#mixamorig_Hips-Matrix-animation-output-transform-array" count="34" stride="16">
            <param type="float4x4"/>
          </accessor>
        </technique_common>
      </source>
      <source id="mixamorig_Hips-Interpolations">
        <Name_array id="mixamorig_Hips-Interpolations-array" count="34">
 LINEAR LINEAR LINEAR LINEAR LINEAR LINEAR LINEAR LINEAR LINEAR LINEAR LINEAR
LINEAR LINEAR LINEAR LINEAR LINEAR LINEAR LINEAR LINEAR LINEAR LINEAR LINEAR LINEAR
LINEAR LINEAR LINEAR LINEAR LINEAR LINEAR LINEAR LINEAR LINEAR LINEAR LINEAR</Name_array>
        <technique_common>
          <accessor source="#mixamorig_Hips-Interpolations-array" count="34">
            <param type="name"/>
          </accessor>
        </technique_common>
      </source>
      <sampler id="mixamorig_Hips-Matrix-animation-transform">
        <input semantic="INPUT" source="#mixamorig_Hips-Matrix-animation-input"/>
        <input semantic="OUTPUT" source="#mixamorig_Hips-Matrix-animation-output-transform"/>
        <input semantic="INTERPOLATION" source="#mixamorig_Hips-Interpolations"/>
      </sampler>
      <channel source="#mixamorig_Hips-Matrix-animation-transform" target="mixamorig_Hips/matrix"/>
    </animation>
    <animation id="mixamorig_Spine-anim" name="mixamorig_Spine">
      <source id="mixamorig_Spine-Matrix-animation-input">
        <float_array id="mixamorig_Spine-Matrix-animation-input-array" count="34">

0.000000 0.033333 0.066667 0.100000 0.133333 0.166667 0.200000 0.233333 0.266667 0.300000 0.333333 0.366667 0.400000 0.433333 0.466667 0.500000
0.533333 0.566667 0.600000 0.633333 0.666667 0.700000 0.733333 0.766667 0.800000 0.833333 0.866667 0.900000 0.933333 0.966667 1.000000 1.033333
1.066667 1.100000</float_array>
        <technique_common>
          <accessor source="#mixamorig_Spine-Matrix-animation-input-array" count="34">
            <param name="TIME" type="float"/>
          </accessor>
        </technique_common>
      </source>
      <source id="mixamorig_Spine-Matrix-animation-output-transform">
        <float_array id="mixamorig_Spine-Matrix-animation-output-transform-array" count="544">

0.998447 -0.052323 0.019117 0.004700 0.052747 0.998358 -0.022362 5.245300 -0.017916 0.023335 0.999567 0.258800 0.000000 0.000000 0.000000 1.000000
0.998479 -0.052262 0.017542 0.004700 0.052720 0.998251 -0.026734 5.245300 -0.016114 0.027618 0.999489 0.258800 0.000000 0.000000 0.000000 1.000000
0.998784 -0.046197 0.017190 0.004700 0.046662 0.998526 -0.027738 5.245300 -0.015883 0.028506 0.999467 0.258800 0.000000 0.000000 0.000000 1.000000
0.999336 -0.032239 0.016965 0.004700 0.032611 0.999223 -0.022132 5.245300 -0.016238 0.022670 0.999611 0.258800 0.000000 0.000000 0.000000 1.000000
0.999740 -0.017725 0.014361 0.004700 0.017895 0.999770 -0.011798 5.245300 -0.014148 0.012051 0.999827 0.258800 0.000000 0.000000 0.000000 1.000000
0.999904 -0.008544 0.010892 0.004700 0.008521 0.999961 0.002222 5.245300 -0.010911 -0.002129 0.999938 0.258800 0.000000 0.000000 0.000000 1.000000
0.999961 -0.003388 0.008207 0.004700 0.003276 0.999902 0.013645 5.245300 -0.008252 -0.013617 0.999873 0.258800 0.000000 0.000000 0.000000 1.000000
0.999969 -0.002606 0.007470 0.004700 0.002440 0.999751 0.022176 5.245300 -0.007526 -0.022157 0.999726 0.258800 0.000000 0.000000 0.000000 1.000000
0.999969 -0.004027 0.006791 0.004700 0.003891 0.999793 0.019995 5.245300 -0.006870 -0.019968 0.999777 0.258800 0.000000 0.000000 0.000000 1.000000
0.999996 0.001678 0.002336 0.004700 -0.001708 0.999916 0.012828 5.245300 -0.002314 -0.012832 0.999915 0.258800 0.000000 0.000000 0.000000 1.000000
0.999984 0.004081 -0.003831 0.004700 -0.004024 0.999883 0.014753 5.245300 0.003891 -0.014737 0.999884 0.258800 0.000000 0.000000 0.000000 1.000000
0.999961 0.001892 -0.008603 0.004700 -0.001930 0.999988 -0.004455 5.245300 0.008594 0.004471 0.999953 0.258800 0.000000 0.000000 0.000000 1.000000
0.999919 -0.000126 -0.012743 0.004700 -0.000244 0.999578 -0.029046 5.245300 0.012741 0.029046 0.999497 0.258800 0.000000 0.000000 0.000000 1.000000
0.999855 0.001520 -0.016936 0.004700 -0.002364 0.998751 -0.049911 5.245300 0.016838 0.049944 0.998610 0.258800 0.000000 0.000000 0.000000 1.000000
0.999709 0.009250 -0.022300 0.004700 -0.010958 0.996912 -0.077753 5.245300 0.021512 0.077974 0.996723 0.258800 0.000000 0.000000 0.000000 1.000000
0.999714 0.009366 -0.021996 0.004700 -0.011680 0.994130 -0.107560 5.245300 0.020859 0.107786 0.993955 0.258800 0.000000 0.000000 0.000000 1.000000
0.999888 0.003671 -0.014503 0.004700 -0.005442 0.992268 -0.123995 5.245300 0.013936 0.124060 0.992177 0.258800 0.000000 0.000000 0.000000 1.000000
0.999947 0.004300 -0.009390 0.004700 -0.005436 0.992210 -0.124458 5.245300 0.008782 0.124502 0.992180 0.258800 0.000000 0.000000 0.000000 1.000000
0.999957 0.005414 -0.007488 0.004700 -0.006255 0.993062 -0.117423 5.245300 0.006800 0.117465 0.993054 0.258800 0.000000 0.000000 0.000000 1.000000
0.999962 0.004097 -0.007654 0.004700 -0.004915 0.993915 -0.110043 5.245300 0.007156 0.110076 0.993897 0.258800 0.000000 0.000000 0.000000 1.000000
0.999956 0.003229 -0.008854 0.004700 -0.004179 0.993979 -0.109489 5.245300 0.008447 0.109521 0.993949 0.258800 0.000000 0.000000 0.000000 1.000000
0.999973 0.000282 -0.007400 0.004700 -0.001115 0.993618 -0.112792 5.245300 0.007321 0.112797 0.993591 0.258800 0.000000 0.000000 0.000000 1.000000
0.999987 -0.004296 -0.002727 0.004700 0.003959 0.993546 -0.113360 5.245300 0.003196 0.113347 0.993550 0.258800 0.000000 0.000000 0.000000 1.000000
0.999950 -0.009370 0.003559 0.004700 0.009690 0.994505 -0.104242 5.245300 -0.002563 0.104271 0.994546 0.258800 0.000000 0.000000 0.000000 1.000000
0.999867 -0.013592 0.009053 0.004700 0.014413 0.995102 -0.097793 5.245300 -0.007680 0.097910 0.995166 0.258800 0.000000 0.000000 0.000000 1.000000
0.999654 -0.021596 0.015034 0.004700 0.022661 0.996946 -0.074735 5.245300 -0.013374 0.075050 0.997090 0.258800 0.000000 0.000000 0.000000 1.000000
0.999691 -0.023677 0.007535 0.004700 0.024074 0.998039 -0.057789 5.245300 -0.006152 0.057952 0.998300 0.258800 0.000000 0.000000 0.000000 1.000000
0.999983 0.000366 -0.005796 0.004700 -0.000356 0.999999 0.001655 5.245300 0.005796 -0.001653 0.999982 0.258800 0.000000 0.000000 0.000000 1.000000
0.999992 0.003335 -0.002411 0.004700 -0.003329 0.999991 0.002509 5.245300 0.002420 -0.002501 0.999994 0.258800 0.000000 0.000000 0.000000 1.000000
0.999993 0.003535 -0.001557 0.004700 -0.003536 0.999994 -0.000496 5.245300 0.001555 0.000502 0.999999 0.258800 0.000000 0.000000 0.000000 1.000000
0.999991 -0.002077 0.003581 0.004700 0.002098 0.999980 -0.005907 5.245300 -0.003568 0.005915 0.999976 0.258800 0.000000 0.000000 0.000000 1.000000
0.999686 -0.020797 0.013977 0.004700 0.020967 0.999706 -0.012147 5.245300 -0.013720 0.012436 0.999829 0.258800 0.000000 0.000000 0.000000 1.000000
0.998950 -0.041541 0.019314 0.004700 0.041888 0.998962 -0.017902 5.245300 -0.018550 0.018692 0.999653 0.258800 0.000000 0.000000 0.000000 1.000000
0.998446 -0.052353 0.019114 0.004700 0.052776 0.998356 -0.022362 5.245300 -0.017912 0.023336 0.999567 0.258800 0.000000 0.000000 0.000000 1.000000</float_array>
        <technique_common>
          <accessor source="#mixamorig_Spine-Matrix-animation-output-transform-array" count="34" stride="16">
            <param type="float4x4"/>
          </accessor>
        </technique_common>
      </source>
      <source id="mixamorig_Spine-Interpolations">
        <Name_array id="mixamorig_Spine-Interpolations-array" count="34">
 LINEAR LINEAR LINEAR LINEAR LINEAR LINEAR LINEAR LINEAR LINEAR LINEAR LINEAR
LINEAR LINEAR LINEAR LINEAR LINEAR LINEAR LINEAR LINEAR LINEAR LINEAR LINEAR LINEAR
LINEAR LINEAR LINEAR LINEAR LINEAR LINEAR LINEAR LINEAR LINEAR LINEAR LINEAR</Name_array>
        <technique_common>
          <accessor source="#mixamorig_Spine-Interpolations-array" count="34">
            <param type="name"/>
          </accessor>
        </technique_common>
      </source>
      <sampler id="mixamorig_Spine-Matrix-animation-transform">
        <input semantic="INPUT" source="#mixamorig_Spine-Matrix-animation-input"/>
        <input semantic="OUTPUT" source="#mixamorig_Spine-Matrix-animation-output-transform"/>
        <input semantic="INTERPOLATION" source="#mixamorig_Spine-Interpolations"/>
      </sampler>
      <channel source="#mixamorig_Spine-Matrix-animation-transform" target="mixamorig_Spine/matrix"/>
    </animation>
    <animation id="mixamorig_Spine1-anim" name="mixamorig_Spine1">
      <source id="mixamorig_Spine1-Matrix-animation-input">
        <float_array id="mixamorig_Spine1-Matrix-animation-input-array" count="34">

0.000000 0.033333 0.066667 0.100000 0.133333 0.166667 0.200000 0.233333 0.266667 0.300000 0.333333 0.366667 0.400000 0.433333 0.466667 0.500000
0.533333 0.566667 0.600000 0.633333 0.666667 0.700000 0.733333 0.766667 0.800000 0.833333 0.866667 0.900000 0.933333 0.966667 1.000000 1.033333
1.066667 1.100000</float_array>
        <technique_common>
          <accessor source="#mixamorig_Spine1-Matrix-animation-input-array" count="34">
            <param name="TIME" type="float"/>
          </accessor>
        </technique_common>
      </source>
      <source id="mixamorig_Spine1-Matrix-animation-output-transform">
        <float_array id="mixamorig_Spine1-Matrix-animation-output-transform-array" count="544">

0.998355 -0.036274 0.044406 0.000000 0.040601 0.994081 -0.100771 11.066900 -0.040488 0.102408 0.993918 0.000000 0.000000 0.000000 0.000000 1.000000
0.998589 -0.034393 0.040466 0.000000 0.038644 0.993241 -0.109446 11.066900 -0.036428 0.110856 0.993169 0.000000 0.000000 0.000000 0.000000 1.000000
0.998912 -0.032323 0.033602 -0.000000 0.035878 0.993146 -0.111234 11.066900 -0.029776 0.112318 0.993226 -0.000000 0.000000 0.000000 0.000000 1.000000
0.999258 -0.028512 0.025886 0.000000 0.030959 0.994537 -0.099692 11.066900 -0.022902 0.100420 0.994682 0.000000 0.000000 0.000000 0.000000 1.000000
0.999588 -0.021552 0.018974 -0.000000 0.022984 0.996625 -0.078811 11.066900 -0.017212 0.079215 0.996709 -0.000000 0.000000 0.000000 0.000000 1.000000
0.999762 -0.016109 0.014729 -0.000000 0.016837 0.998571 -0.050712 11.066900 -0.013891 0.050948 0.998605 0.000000 0.000000 0.000000 0.000000 1.000000
0.999795 -0.014642 0.013974 0.000000 0.015027 0.999500 -0.027821 11.066900 -0.013560 0.028025 0.999515 -0.000000 0.000000 0.000000 0.000000 1.000000
0.999763 -0.015246 0.015522 0.000000 0.015414 0.999824 -0.010736 11.066900 -0.015355 0.010972 0.999822 0.000000 0.000000 0.000000 0.000000 1.000000
0.999888 -0.007006 0.013193 -0.000000 0.007206 0.999858 -0.015216 11.066900 -0.013085 0.015309 0.999797 -0.000000 0.000000 0.000000 0.000000 1.000000
0.999911 0.012860 0.003554 0.000000 -0.012750 0.999481 -0.029594 11.066900 -0.003932 0.029546 0.999556 0.000000 0.000000 0.000000 0.000000 1.000000
0.999860 0.013943 -0.009231 0.000000 -0.014175 0.999570 -0.025660 11.066900 0.008869 0.025787 0.999628 0.000000 0.000000 0.000000 0.000000 1.000000
0.999861 0.002042 -0.016564 0.000000 -0.003100 0.997939 -0.064092 11.066900 0.016399 0.064134 0.997807 0.000000 0.000000 0.000000 0.000000 1.000000
0.999673 -0.001259 -0.025544 -0.000000 -0.001638 0.993584 -0.113081 11.066900 0.025523 0.113086 0.993257 0.000000 0.000000 0.000000 0.000000 1.000000
0.999314 0.006974 -0.036370 -0.000000 -0.012510 0.987949 -0.154272 11.066900 0.034855 0.154621 0.987359 0.000000 0.000000 0.000000 0.000000 1.000000
0.998638 0.022473 -0.047087 0.000000 -0.031843 0.977433 -0.208830 11.066900 0.041332 0.210045 0.976818 0.000000 0.000000 0.000000 0.000000 1.000000
0.998400 0.026429 -0.049985 0.000000 -0.038846 0.962984 -0.266744 11.066900 0.041085 0.268259 0.962470 0.000000 0.000000 0.000000 0.000000 1.000000
0.998972 0.020653 -0.040363 -0.000000 -0.031785 0.953849 -0.298599 11.066900 0.032333 0.299575 0.953525 0.000000 0.000000 0.000000 0.000000 1.000000
0.999404 0.021319 -0.027144 -0.000000 -0.028483 0.953598 -0.299731 11.066900 0.019495 0.300326 0.953637 -0.000000 0.000000 0.000000 0.000000 1.000000
0.999689 0.018288 -0.016954 0.000000 -0.022379 0.957854 -0.286383 11.066900 0.011002 0.286674 0.957965 0.000000 0.000000 0.000000 0.000000 1.000000
0.999786 0.012421 -0.016542 0.000000 -0.016456 0.962109 -0.272169 11.066900 0.012534 0.272383 0.962107 0.000000 0.000000 0.000000 0.000000 1.000000
0.999666 0.011600 -0.023111 0.000000 -0.017434 0.962412 -0.271035 11.066900 0.019098 0.271347 0.962292 -0.000000 0.000000 0.000000 0.000000 1.000000
0.999586 0.009853 -0.027042 -0.000000 -0.016972 0.960617 -0.277357 11.066900 0.023244 0.277701 0.960386 0.000000 0.000000 0.000000 0.000000 1.000000
0.999647 0.005754 -0.025952 -0.000000 -0.012758 0.960359 -0.278472 11.066900 0.023321 0.278705 0.960094 0.000000 0.000000 0.000000 0.000000 1.000000
0.999755 -0.000136 -0.022134 0.000000 -0.005645 0.965346 -0.260911 11.066900 0.021402 0.260972 0.965109 0.000000 0.000000 0.000000 0.000000 1.000000
0.999793 -0.001226 -0.020309 0.000000 -0.003859 0.968638 -0.248448 11.066900 0.019977 0.248475 0.968432 0.000000 0.000000 0.000000 0.000000 1.000000
0.999962 -0.008228 -0.003033 0.000000 0.007438 0.979015 -0.203654 11.066900 0.004645 0.203624 0.979038 0.000000 0.000000 0.000000 0.000000 1.000000
0.999254 -0.037577 0.008876 -0.000000 0.038540 0.984684 -0.170035 11.066900 -0.002350 0.170250 0.985398 0.000000 0.000000 0.000000 0.000000 1.000000
0.999583 0.015289 -0.024490 -0.000000 -0.016538 0.998528 -0.051659 11.066900 0.023665 0.052043 0.998364 0.000000 0.000000 0.000000 0.000000 1.000000
0.999572 0.022486 -0.018693 0.000000 -0.023396 0.998476 -0.049985 11.066900 0.017540 0.050401 0.998575 0.000000 0.000000 0.000000 0.000000 1.000000
0.999793 0.018324 -0.008809 0.000000 -0.018790 0.998248 -0.056114 11.066900 0.007765 0.056268 0.998385 0.000000 0.000000 0.000000 0.000000 1.000000
0.999971 0.006628 0.003715 -0.000000 -0.006364 0.997731 -0.067022 11.066900 -0.004151 0.066997 0.997745 0.000000 0.000000 0.000000 0.000000 1.000000
0.999804 -0.008821 0.017719 0.000000 0.010207 0.996761 -0.079767 11.066900 -0.016958 0.079932 0.996656 0.000000 0.000000 0.000000 0.000000 1.000000
0.999197 -0.024320 0.031845 -0.000000 0.027151 0.995413 -0.091740 11.066900 -0.029468 0.092531 0.995274 -0.000000 0.000000 0.000000 0.000000 1.000000
0.998353 -0.036332 0.044399 0.000000 0.040658 0.994079 -0.100771 11.066900 -0.040475 0.102410 0.993918 0.000000 0.000000 0.000000 0.000000 1.000000</float_array>
        <technique_common>
          <accessor source="#mixamorig_Spine1-Matrix-animation-output-transform-array" count="34" stride="16">
            <param type="float4x4"/>
          </accessor>
        </technique_common>
      </source>
      <source id="mixamorig_Spine1-Interpolations">
        <Name_array id="mixamorig_Spine1-Interpolations-array" count="34">
 LINEAR LINEAR LINEAR LINEAR LINEAR LINEAR LINEAR LINEAR LINEAR LINEAR LINEAR
LINEAR LINEAR LINEAR LINEAR LINEAR LINEAR LINEAR LINEAR LINEAR LINEAR LINEAR LINEAR
LINEAR LINEAR LINEAR LINEAR LINEAR LINEAR LINEAR LINEAR LINEAR LINEAR LINEAR</Name_array>
        <technique_common>
          <accessor source="#mixamorig_Spine1-Interpolations-array" count="34">
            <param type="name"/>
          </accessor>
        </technique_common>
      </source>
      <sampler id="mixamorig_Spine1-Matrix-animation-transform">
        <input semantic="INPUT" source="#mixamorig_Spine1-Matrix-animation-input"/>
        <input semantic="OUTPUT" source="#mixamorig_Spine1-Matrix-animation-output-transform"/>
        <input semantic="INTERPOLATION" source="#mixamorig_Spine1-Interpolations"/>
      </sampler>
      <channel source="#mixamorig_Spine1-Matrix-animation-transform" target="mixamorig_Spine1/matrix"/>
    </animation>
    <animation id="mixamorig_Spine2-anim" name="mixamorig_Spine2">
      <source id="mixamorig_Spine2-Matrix-animation-input">
        <float_array id="mixamorig_Spine2-Matrix-animation-input-array" count="34">

0.000000 0.033333 0.066667 0.100000 0.133333 0.166667 0.200000 0.233333 0.266667 0.300000 0.333333 0.366667 0.400000 0.433333 0.466667 0.500000
0.533333 0.566667 0.600000 0.633333 0.666667 0.700000 0.733333 0.766667 0.800000 0.833333 0.866667 0.900000 0.933333 0.966667 1.000000 1.033333
1.066667 1.100000</float_array>
        <technique_common>
          <accessor source="#mixamorig_Spine2-Matrix-animation-input-array" count="34">
            <param name="TIME" type="float"/>
          </accessor>
        </technique_common>
      </source>
      <source id="mixamorig_Spine2-Matrix-animation-output-transform">
        <float_array id="mixamorig_Spine2-Matrix-animation-output-transform-array" count="544">

0.998355 -0.030016 0.048854 0.000000 0.043368 0.952662 -0.300924 8.141900 -0.037509 0.302548 0.952396 -0.000000 0.000000 0.000000 0.000000 1.000000
0.998589 -0.028678 0.044698 0.000000 0.041128 0.950089 -0.309256 8.141900 -0.033598 0.310658 0.949928 0.000000 0.000000 0.000000 0.000000 1.000000
0.998912 -0.027544 0.037619 -0.000000 0.037898 0.949654 -0.311000 8.141900 -0.027159 0.312087 0.949665 0.000000 0.000000 0.000000 0.000000 1.000000
0.999258 -0.024798 0.029463 0.000000 0.032505 0.953388 -0.299991 8.141900 -0.020650 0.300726 0.953487 0.000000 0.000000 0.000000 0.000000 1.000000
0.999588 -0.018824 0.021683 0.000000 0.024146 0.959705 -0.279971 8.141900 -0.015539 0.280379 0.959764 0.000000 0.000000 0.000000 0.000000 1.000000
0.999762 -0.013997 0.016750 0.000000 0.017779 0.967341 -0.252854 8.141900 -0.012663 0.253091 0.967360 -0.000000 0.000000 0.000000 0.000000 1.000000
0.999795 -0.012644 0.015805 0.000000 0.015950 0.972911 -0.230629 8.141900 -0.012461 0.230834 0.972913 0.000000 0.000000 0.000000 0.000000 1.000000
0.999763 -0.013036 0.017420 -0.000000 0.016463 0.976702 -0.213966 8.141900 -0.014225 0.214202 0.976686 -0.000000 0.000000 0.000000 0.000000 1.000000
0.999888 -0.005180 0.014011 -0.000000 0.008116 0.975835 -0.218357 8.141900 -0.012541 0.218446 0.975768 0.000000 0.000000 0.000000 0.000000 1.000000
0.999911 0.013220 0.001804 -0.000000 -0.012439 0.972548 -0.232368 8.141900 -0.004826 0.232325 0.972626 -0.000000 0.000000 0.000000 0.000000 1.000000
0.999860 0.012584 -0.011011 0.000000 -0.014768 0.973424 -0.228532 8.141900 0.007842 0.228662 0.973474 0.000000 0.000000 0.000000 0.000000 1.000000
0.999861 -0.000189 -0.016688 -0.000000 -0.004255 0.964015 -0.265815 8.141900 0.016138 0.265849 0.963880 0.000000 0.000000 0.000000 0.000000 1.000000
0.999673 -0.004660 -0.025147 -0.000000 -0.003443 0.949787 -0.312879 8.141900 0.025342 0.312864 0.949460 0.000000 0.000000 0.000000 0.000000 1.000000
0.999314 0.002053 -0.036975 -0.000000 -0.014948 0.935866 -0.352040 8.141900 0.033881 0.352351 0.935254 -0.000000 0.000000 0.000000 0.000000 1.000000
0.998638 0.015981 -0.049668 0.000000 -0.034692 0.914407 -0.403307 8.141900 0.038971 0.404481 0.913716 0.000000 0.000000 0.000000 0.000000 1.000000
0.998400 0.019514 -0.053067 0.000000 -0.041660 0.888453 -0.457073 8.141900 0.038228 0.458552 0.887845 0.000000 0.000000 0.000000 0.000000 1.000000
0.998972 0.015075 -0.042760 -0.000000 -0.033996 0.873063 -0.486421 8.141900 0.030000 0.487374 0.872678 0.000000 0.000000 0.000000 0.000000 1.000000
0.999404 0.017501 -0.029749 0.000000 -0.029792 0.872610 -0.487508 8.141900 0.017427 0.488103 0.872612 -0.000000 0.000000 0.000000 0.000000 1.000000
0.999689 0.015859 -0.019245 0.000000 -0.023103 0.879513 -0.475313 8.141900 0.009389 0.475610 0.879606 -0.000000 0.000000 0.000000 0.000000 1.000000
0.999786 0.010100 -0.018053 0.000000 -0.017303 0.886579 -0.462254 8.141900 0.011336 0.462468 0.886564 0.000000 0.000000 0.000000 0.000000 1.000000
0.999666 0.008408 -0.024453 -0.000000 -0.018743 0.887100 -0.461197 8.141900 0.017815 0.461501 0.886961 0.000000 0.000000 0.000000 0.000000 1.000000
0.999586 0.006152 -0.028116 -0.000000 -0.018576 0.884055 -0.467013 8.141900 0.021983 0.467342 0.883803 0.000000 0.000000 0.000000 0.000000 1.000000
0.999647 0.002236 -0.026489 -0.000000 -0.014378 0.883585 -0.468051 8.141900 0.022359 0.468266 0.883304 0.000000 0.000000 0.000000 0.000000 1.000000
0.999755 -0.003092 -0.021917 0.000000 -0.007148 0.892053 -0.451875 8.141900 0.020948 0.451921 0.891812 0.000000 0.000000 0.000000 0.000000 1.000000
0.999793 -0.003928 -0.019964 0.000000 -0.005265 0.897813 -0.440346 8.141900 0.019653 0.440360 0.897606 0.000000 0.000000 0.000000 0.000000 1.000000
0.999962 -0.008559 -0.001907 0.000000 0.007090 0.917090 -0.398618 8.141900 0.005160 0.398589 0.917115 0.000000 0.000000 0.000000 0.000000 1.000000
0.999254 -0.036055 0.013816 -0.000000 0.038610 0.929458 -0.366901 8.141900 0.000387 0.367161 0.930157 0.000000 0.000000 0.000000 0.000000 1.000000
0.999583 0.011880 -0.026313 0.000000 -0.018174 0.967097 -0.253757 8.141900 0.022433 0.254129 0.966910 -0.000000 0.000000 0.000000 0.000000 1.000000
0.999572 0.019787 -0.021529 0.000000 -0.024580 0.967382 -0.252125 8.141900 0.015838 0.252547 0.967455 0.000000 0.000000 0.000000 0.000000 1.000000
0.999793 0.016983 -0.011178 0.000000 -0.019293 0.965930 -0.258085 8.141900 0.006414 0.258247 0.966058 -0.000000 0.000000 0.000000 0.000000 1.000000
0.999971 0.007065 0.002797 0.000000 -0.006054 0.963218 -0.268653 8.141900 -0.004592 0.268628 0.963233 -0.000000 0.000000 0.000000 0.000000 1.000000
0.999804 -0.006374 0.018739 -0.000000 0.011384 0.959663 -0.280923 8.141900 -0.016192 0.281081 0.959547 0.000000 0.000000 0.000000 0.000000 1.000000
0.999197 -0.019847 0.034809 -0.000000 0.029171 0.955863 -0.292362 8.141900 -0.027470 0.293143 0.955674 0.000000 0.000000 0.000000 0.000000 1.000000
0.998353 -0.030075 0.048855 -0.000000 0.043424 0.952659 -0.300924 8.141900 -0.037492 0.302549 0.952396 0.000000 0.000000 0.000000 0.000000 1.000000</float_array>
        <technique_common>
          <accessor source="#mixamorig_Spine2-Matrix-animation-output-transform-array" count="34" stride="16">
            <param type="float4x4"/>
          </accessor>
        </technique_common>
      </source>
      <source id="mixamorig_Spine2-Interpolations">
        <Name_array id="mixamorig_Spine2-Interpolations-array" count="34">
 LINEAR LINEAR LINEAR LINEAR LINEAR LINEAR LINEAR LINEAR LINEAR LINEAR LINEAR
LINEAR LINEAR LINEAR LINEAR LINEAR LINEAR LINEAR LINEAR LINEAR LINEAR LINEAR LINEAR
LINEAR LINEAR LINEAR LINEAR LINEAR LINEAR LINEAR LINEAR LINEAR LINEAR LINEAR</Name_array>
        <technique_common>
          <accessor source="#mixamorig_Spine2-Interpolations-array" count="34">
            <param type="name"/>
          </accessor>
        </technique_common>
      </source>
      <sampler id="mixamorig_Spine2-Matrix-animation-transform">
        <input semantic="INPUT" source="#mixamorig_Spine2-Matrix-animation-input"/>
        <input semantic="OUTPUT" source="#mixamorig_Spine2-Matrix-animation-output-transform"/>
        <input semantic="INTERPOLATION" source="#mixamorig_Spine2-Interpolations"/>
      </sampler>
      <channel source="#mixamorig_Spine2-Matrix-animation-transform" target="mixamorig_Spine2/matrix"/>
    </animation>
    <animation id="mixamorig_Neck-anim" name="mixamorig_Neck">
      <source id="mixamorig_Neck-Matrix-animation-input">
        <float_array id="mixamorig_Neck-Matrix-animation-input-array" count="34">

0.000000 0.033333 0.066667 0.100000 0.133333 0.166667 0.200000 0.233333 0.266667 0.300000 0.333333 0.366667 0.400000 0.433333 0.466667 0.500000
0.533333 0.566667 0.600000 0.633333 0.666667 0.700000 0.733333 0.766667 0.800000 0.833333 0.866667 0.900000 0.933333 0.966667 1.000000 1.033333
1.066667 1.100000</float_array>
        <technique_common>
          <accessor source="#mixamorig_Neck-Matrix-animation-input-array" count="34">
            <param name="TIME" type="float"/>
          </accessor>
        </technique_common>
      </source>
      <source id="mixamorig_Neck-Matrix-animation-output-transform">
        <float_array id="mixamorig_Neck-Matrix-animation-output-transform-array" count="544">

0.998465 0.007577 -0.054863 -0.112200 -0.000366 0.991478 0.130270 18.919500 0.055382 -0.130050 0.989959 -3.736100 0.000000 0.000000 0.000000 1.000000
0.998542 0.025733 -0.047455 -0.112200 -0.020566 0.994118 0.106327 18.919500 0.049912 -0.105196 0.993198 -3.736100 0.000000 0.000000 0.000000 1.000000
0.997888 0.054200 -0.035804 -0.112200 -0.051670 0.996334 0.068179 18.919500 0.039368 -0.066185 0.997030 -3.736100 0.000000 0.000000 0.000000 1.000000
0.996192 0.084447 -0.021696 -0.112200 -0.083795 0.996049 0.029392 18.919500 0.024093 -0.027462 0.999332 -3.736100 0.000000 0.000000 0.000000 1.000000
0.993681 0.111879 -0.008988 -0.112200 -0.112048 0.993475 -0.021281 18.919500 0.006549 0.022154 0.999733 -3.736100 0.000000 0.000000 0.000000 1.000000
0.991347 0.131208 -0.004064 -0.112200 -0.130966 0.986463 -0.098686 18.919500 -0.008939 0.098364 0.995110 -3.736100 0.000000 0.000000 0.000000 1.000000
0.990641 0.136427 -0.004163 -0.112200 -0.135128 0.975996 -0.170796 18.919500 -0.019238 0.169761 0.985298 -3.736100 0.000000 0.000000 0.000000 1.000000
0.992181 0.124722 -0.004568 -0.112200 -0.122964 0.970627 -0.206792 18.919500 -0.021358 0.205736 0.978374 -3.736100 0.000000 0.000000 0.000000 1.000000
0.994224 0.107084 -0.007208 -0.112200 -0.105875 0.967566 -0.229361 18.919500 -0.017587 0.228799 0.973315 -3.736100 0.000000 0.000000 0.000000 1.000000
0.992525 0.121887 -0.006143 -0.112200 -0.119884 0.964314 -0.236066 18.919500 -0.022849 0.235038 0.971718 -3.736100 0.000000 0.000000 0.000000 1.000000
0.986239 0.165231 0.005616 -0.112200 -0.159961 0.962261 -0.220150 18.919500 -0.041780 0.216222 0.975450 -3.736100 0.000000 0.000000 0.000000 1.000000
0.985262 0.170469 0.014122 -0.112200 -0.160923 0.951736 -0.261347 18.919500 -0.057992 0.255223 0.965142 -3.736100 0.000000 0.000000 0.000000 1.000000
0.990770 0.134220 0.018966 -0.112200 -0.118691 0.926572 -0.356900 18.919500 -0.065477 0.351354 0.933950 -3.736100 0.000000 0.000000 0.000000 1.000000
0.993790 0.106063 0.033659 -0.112200 -0.086691 0.927600 -0.363378 18.919500 -0.069763 0.358203 0.931034 -3.736100 0.000000 0.000000 0.000000 1.000000
0.994490 0.091931 0.050383 -0.112200 -0.076303 0.964333 -0.253456 18.919500 -0.071887 0.248215 0.966034 -3.736100 0.000000 0.000000 0.000000 1.000000
0.995003 0.076494 0.064175 -0.112200 -0.064900 0.983897 -0.166535 18.919500 -0.075880 0.161538 0.983945 -3.736100 0.000000 0.000000 0.000000 1.000000
0.995053 0.064035 0.075956 -0.112200 -0.049073 0.981578 -0.184650 18.919500 -0.086381 0.180009 0.979865 -3.736100 0.000000 0.000000 0.000000 1.000000
0.994458 0.064286 0.083196 -0.112200 -0.037558 0.956293 -0.289988 18.919500 -0.098202 0.285256 0.953407 -3.736100 0.000000 0.000000 0.000000 1.000000
0.994491 0.064564 0.082575 -0.112200 -0.021064 0.894810 -0.445950 18.919500 -0.102681 0.441754 0.891241 -3.736100 0.000000 0.000000 0.000000 1.000000
0.994885 0.055505 0.084395 -0.112200 0.000810 0.831089 -0.556139 18.919500 -0.101008 0.553363 0.826793 -3.736100 0.000000 0.000000 0.000000 1.000000
0.994762 0.048568 0.089948 -0.112200 0.010793 0.825097 -0.564887 18.919500 -0.101651 0.562899 0.820251 -3.736100 0.000000 0.000000 0.000000 1.000000
0.994478 0.049256 0.092673 -0.112200 0.007632 0.846746 -0.531943 18.919500 -0.104672 0.529713 0.841694 -3.736100 0.000000 0.000000 0.000000 1.000000
0.994527 0.056551 0.087848 -0.112200 -0.002922 0.855568 -0.517682 18.919500 -0.104435 0.514592 0.851051 -3.736100 0.000000 0.000000 0.000000 1.000000
0.994568 0.065222 0.081121 -0.112200 -0.014781 0.859942 -0.510178 18.919500 -0.103034 0.506208 0.856234 -3.736100 0.000000 0.000000 0.000000 1.000000
0.994474 0.062716 0.084193 -0.112200 -0.014335 0.875565 -0.482888 18.919500 -0.104002 0.479012 0.871625 -3.736100 0.000000 0.000000 0.000000 1.000000
0.994313 0.055635 0.090811 -0.112200 -0.017914 0.927923 -0.372340 18.919500 -0.104981 0.368596 0.923643 -3.736100 0.000000 0.000000 0.000000 1.000000
0.988674 0.121340 0.088319 -0.112200 -0.103482 0.977388 -0.184403 18.919500 -0.108697 0.173176 0.978874 -3.736100 0.000000 0.000000 0.000000 1.000000
0.992216 0.081569 0.094099 -0.112200 -0.082778 0.996527 0.009006 18.919500 -0.093037 -0.016725 0.995522 -3.736100 0.000000 0.000000 0.000000 1.000000
0.989338 0.096827 0.108787 -0.112200 -0.109685 0.986794 0.119195 18.919500 -0.095809 -0.129856 0.986893 -3.736100 0.000000 0.000000 0.000000 1.000000
0.986625 0.107090 0.122897 -0.112200 -0.116265 0.990743 0.070072 18.919500 -0.114255 -0.083423 0.989943 -3.736100 0.000000 0.000000 0.000000 1.000000
0.990449 0.096700 0.098290 -0.112200 -0.103344 0.992525 0.064916 18.919500 -0.091278 -0.074454 0.993038 -3.736100 0.000000 0.000000 0.000000 1.000000
0.996354 0.075321 0.040060 -0.112200 -0.079905 0.988430 0.128926 18.919500 -0.029885 -0.131657 0.990845 -3.736100 0.000000 0.000000 0.000000 1.000000
0.999107 0.037331 -0.019789 -0.112200 -0.034391 0.990602 0.132378 18.919500 0.024545 -0.131579 0.991002 -3.736100 0.000000 0.000000 0.000000 1.000000
0.998465 0.007577 -0.054863 -0.112200 -0.000366 0.991478 0.130270 18.919500 0.055382 -0.130050 0.989959 -3.736100 0.000000 0.000000 0.000000 1.000000</float_array>
        <technique_common>
          <accessor source="#mixamorig_Neck-Matrix-animation-output-transform-array" count="34" stride="16">
            <param type="float4x4"/>
          </accessor>
        </technique_common>
      </source>
      <source id="mixamorig_Neck-Interpolations">
        <Name_array id="mixamorig_Neck-Interpolations-array" count="34">
 LINEAR LINEAR LINEAR LINEAR LINEAR LINEAR LINEAR LINEAR LINEAR LINEAR LINEAR
LINEAR LINEAR LINEAR LINEAR LINEAR LINEAR LINEAR LINEAR LINEAR LINEAR LINEAR LINEAR
LINEAR LINEAR LINEAR LINEAR LINEAR LINEAR LINEAR LINEAR LINEAR LINEAR LINEAR</Name_array>
        <technique_common>
          <accessor source="#mixamorig_Neck-Interpolations-array" count="34">
            <param type="name"/>
          </accessor>
        </technique_common>
      </source>
      <sampler id="mixamorig_Neck-Matrix-animation-transform">
        <input semantic="INPUT" source="#mixamorig_Neck-Matrix-animation-input"/>
        <input semantic="OUTPUT" source="#mixamorig_Neck-Matrix-animation-output-transform"/>
        <input semantic="INTERPOLATION" source="#mixamorig_Neck-Interpolations"/>
      </sampler>
      <channel source="#mixamorig_Neck-Matrix-animation-transform" target="mixamorig_Neck/matrix"/>
    </animation>
    <animation id="mixamorig_Head-anim" name="mixamorig_Head">
      <source id="mixamorig_Head-Matrix-animation-input">
        <float_array id="mixamorig_Head-Matrix-animation-input-array" count="34">

0.000000 0.033333 0.066667 0.100000 0.133333 0.166667 0.200000 0.233333 0.266667 0.300000 0.333333 0.366667 0.400000 0.433333 0.466667 0.500000
0.533333 0.566667 0.600000 0.633333 0.666667 0.700000 0.733333 0.766667 0.800000 0.833333 0.866667 0.900000 0.933333 0.966667 1.000000 1.033333
1.066667 1.100000</float_array>
        <technique_common>
          <accessor source="#mixamorig_Head-Matrix-animation-input-array" count="34">
            <param name="TIME" type="float"/>
          </accessor>
        </technique_common>
      </source>
      <source id="mixamorig_Head-Matrix-animation-output-transform">
        <float_array id="mixamorig_Head-Matrix-animation-output-transform-array" count="544">

0.987594 0.090815 -0.128108 -0.000000 -0.057729 0.968649 0.241632 8.673000 0.146036 -0.231239 0.961874 3.319300 0.000000 0.000000 0.000000 1.000000
0.989126 0.075278 -0.126343 -0.000000 -0.040636 0.965519 0.257142 8.673000 0.141344 -0.249212 0.958079 3.319300 0.000000 0.000000 0.000000 1.000000
0.991459 0.047839 -0.121326 0.000000 -0.014254 0.964469 0.263810 8.673000 0.129635 -0.259828 0.956914 3.319300 0.000000 0.000000 0.000000 1.000000
0.994025 0.017878 -0.107675 -0.000000 0.009927 0.967597 0.252305 8.673000 0.108697 -0.251866 0.961638 3.319300 0.000000 0.000000 0.000000 1.000000
0.995905 -0.004192 -0.090304 0.000000 0.024298 0.974579 0.222723 8.673000 0.087075 -0.224005 0.970690 3.319300 0.000000 0.000000 0.000000 1.000000
0.996356 -0.019311 -0.083075 0.000000 0.033772 0.983744 0.176375 8.673000 0.078319 -0.178538 0.980811 3.319300 0.000000 0.000000 0.000000 1.000000
0.995637 -0.037642 -0.085384 0.000000 0.049557 0.988621 0.142033 8.673000 0.079066 -0.145645 0.986172 3.319300 0.000000 0.000000 0.000000 1.000000
0.994823 -0.052973 -0.086729 -0.000000 0.065882 0.985950 0.153501 8.673000 0.077379 -0.158420 0.984335 3.319300 0.000000 0.000000 0.000000 1.000000
0.994499 -0.055856 -0.088614 0.000000 0.071692 0.979733 0.187040 8.673000 0.076370 -0.192364 0.978347 3.319300 0.000000 0.000000 0.000000 1.000000
0.992597 -0.069376 -0.099694 0.000000 0.088349 0.975663 0.200691 8.673000 0.083345 -0.208014 0.974569 3.319300 0.000000 0.000000 0.000000 1.000000
0.987468 -0.107252 -0.115778 0.000000 0.126658 0.976221 0.175925 8.673000 0.094157 -0.188384 0.977571 3.319300 0.000000 0.000000 0.000000 1.000000
0.984325 -0.132269 -0.116659 0.000000 0.143729 0.984952 0.095980 8.673000 0.102208 -0.111243 0.988523 3.319300 0.000000 0.000000 0.000000 1.000000
0.988338 -0.117999 -0.096254 0.000000 0.115307 0.992779 -0.033086 8.673000 0.099463 0.021602 0.994807 3.319300 0.000000 0.000000 0.000000 1.000000
0.993934 -0.086136 -0.068378 0.000000 0.073248 0.982258 -0.172636 8.673000 0.082035 0.166580 0.982609 3.319300 0.000000 0.000000 0.000000 1.000000
0.996381 -0.070600 -0.047332 0.000000 0.054916 0.959731 -0.275502 8.673000 0.064877 0.271906 0.960135 3.319300 0.000000 0.000000 0.000000 1.000000
