<?xml version="1.0" encoding="utf-8"?>
<COLLADA xmlns="http://www.collada.org/2005/11/COLLADASchema" version="1.4.1">
  <asset>
    <contributor>
      <author>Mixamo</author>
      <authoring_tool>COLLADA Mixamo exporter</authoring_tool>
      <comments/>
    </contributor>
    <created>2023-05-08T20:24:28Z</created>
    <modified>2023-05-08T20:24:28Z</modified>
    <revision/>
    <title/>
    <unit meter="0.010000"/>
    <up_axis>Y_UP</up_axis>
  </asset>
  <library_animations>
    <animation id="mixamorig_Hips-anim" name="mixamorig_Hips">
      <source id="mixamorig_Hips-Matrix-animation-input">
        <float_array id="mixamorig_Hips-Matrix-animation-input-array" count="24">

0.000000 0.033333 0.066667 0.100000 0.133333 0.166667 0.200000 0.233333 0.266667 0.300000 0.333333 0.366667 0.400000 0.433333 0.466667 0.500000
0.533333 0.566667 0.600000 0.633333 0.666667 0.700000 0.733333 0.766667</float_array>
        <technique_common>
          <accessor source="#mixamorig_Hips-Matrix-animation-input-array" count="24">
            <param name="TIME" type="float"/>
          </accessor>
        </technique_common>
      </source>
      <source id="mixamorig_Hips-Matrix-animation-output-transform">
        <float_array id="mixamorig_Hips-Matrix-animation-output-transform-array" count="384">

0.995591 -0.092772 -0.013832 0.200883 0.089950 0.986121 -0.139548 97.766327 0.026586 0.137689 0.990119 1.703141 0.000000 0.000000 0.000000 1.000000
0.995487 -0.088357 0.034620 -0.022889 0.092084 0.987573 -0.127357 95.956131 -0.022937 0.129971 0.991253 4.939024 0.000000 0.000000 0.000000 1.000000
0.993472 -0.076937 0.084229 -0.110181 0.086504 0.989410 -0.116552 94.954887 -0.074370 0.123078 0.989606 7.326613 0.000000 0.000000 0.000000 1.000000
0.991233 -0.061534 0.116925 0.021168 0.074213 0.991445 -0.107372 94.943459 -0.109318 0.115108 0.987320 9.338023 0.000000 0.000000 0.000000 1.000000
0.991544 -0.049745 0.119855 0.475386 0.062581 0.992413 -0.105832 96.181961 -0.113681 0.112438 0.987134 10.826138 0.000000 0.000000 0.000000 1.000000
0.994534 -0.044874 0.094277 1.084802 0.056311 0.990884 -0.122388 98.265373 -0.087926 0.127028 0.987994 11.473925 0.000000 0.000000 0.000000 1.000000
0.998016 -0.041896 0.046988 1.619314 0.048859 0.986156 -0.158458 100.388916 -0.039699 0.160439 0.986247 11.290677 0.000000 0.000000 0.000000 1.000000
0.999358 -0.034940 -0.007930 2.136918 0.032577 0.978252 -0.204844 101.924194 0.014915 0.204454 0.978763 10.572107 0.000000 0.000000 0.000000 1.000000
0.997931 -0.020348 -0.060982 2.559701 0.005016 0.970342 -0.241686 102.681961 0.064091 0.240880 0.968436 9.618361 0.000000 0.000000 0.000000 1.000000
0.994544 -0.002306 -0.104292 2.857410 -0.024814 0.965831 -0.257982 102.508911 0.101323 0.259162 0.960504 8.796768 0.000000 0.000000 0.000000 1.000000
0.989993 0.015828 -0.140226 3.107704 -0.051775 0.965133 -0.256589 101.455597 0.131275 0.261282 0.956294 8.243813 0.000000 0.000000 0.000000 1.000000
0.983828 0.029297 -0.176704 3.345943 -0.073201 0.966151 -0.247373 99.546005 0.163476 0.256308 0.952671 8.118157 0.000000 0.000000 0.000000 1.000000
0.974428 0.034773 -0.221992 3.517856 -0.087892 0.968223 -0.234134 97.037712 0.206797 0.247658 0.946520 8.476366 0.000000 0.000000 0.000000 1.000000
0.961045 0.030866 -0.274664 3.613060 -0.092561 0.972305 -0.214604 94.742920 0.260433 0.231668 0.937286 9.335793 0.000000 0.000000 0.000000 1.000000
0.945985 0.023265 -0.323374 3.568719 -0.087950 0.978435 -0.186893 93.405930 0.312053 0.205239 0.927631 10.456311 0.000000 0.000000 0.000000 1.000000
0.935541 0.020054 -0.352650 3.407392 -0.079905 0.984521 -0.155995 93.705887 0.344063 0.174118 0.922661 11.462627 0.000000 0.000000 0.000000 1.000000
0.936040 0.022987 -0.351141 3.180149 -0.073382 0.988677 -0.130893 95.508575 0.344157 0.148288 0.927128 11.954042 0.000000 0.000000 0.000000 1.000000
0.947573 0.025393 -0.318527 2.912799 -0.067207 0.990377 -0.120978 98.055443 0.312390 0.136043 0.940162 11.614532 0.000000 0.000000 0.000000 1.000000
0.962614 0.020165 -0.270125 2.633502 -0.055789 0.990605 -0.124858 100.545479 0.265069 0.135260 0.954695 10.725132 0.000000 0.000000 0.000000 1.000000
0.975254 0.004767 -0.221036 2.238851 -0.034913 0.990544 -0.132680 102.462311 0.218313 0.137114 0.966198 9.519342 0.000000 0.000000 0.000000 1.000000
0.985023 -0.019564 -0.171308 1.746197 -0.004847 0.990007 -0.140936 103.373466 0.172353 0.139656 0.975085 8.142708 0.000000 0.000000 0.000000 1.000000
0.991535 -0.055691 -0.117290 1.166045 0.038090 0.988360 -0.147285 102.941986 0.124128 0.141571 0.982115 6.638792 0.000000 0.000000 0.000000 1.000000
0.994503 -0.081714 -0.065472 0.631846 0.071480 0.986734 -0.145762 100.543976 0.076514 0.140280 0.987151 4.016725 0.000000 0.000000 0.000000 1.000000
0.995527 -0.093458 -0.013852 0.202170 0.090628 0.986060 -0.139543 97.766006 0.026700 0.137663 0.990119 1.703046 0.000000 0.000000 0.000000 1.000000</float_array>
        <technique_common>
          <accessor source="#mixamorig_Hips-Matrix-animation-output-transform-array" count="24" stride="16">
            <param type="float4x4"/>
          </accessor>
        </technique_common>
      </source>
      <source id="mixamorig_Hips-Interpolations">
        <Name_array id="mixamorig_Hips-Interpolations-array" count="24">
 LINEAR LINEAR LINEAR LINEAR LINEAR LINEAR LINEAR LINEAR LINEAR LINEAR LINEAR
LINEAR LINEAR LINEAR LINEAR LINEAR LINEAR LINEAR LINEAR LINEAR LINEAR LINEAR LINEAR
LINEAR</Name_array>
        <technique_common>
          <accessor source="#mixamorig_Hips-Interpolations-array" count="24">
            <param type="name"/>
          </accessor>
        </technique_common>
      </source>
      <sampler id="mixamorig_Hips-Matrix-animation-transform">
        <input semantic="INPUT" source="#mixamorig_Hips-Matrix-animation-input"/>
        <input semantic="OUTPUT" source="#mixamorig_Hips-Matrix-animation-output-transform"/>
        <input semantic="INTERPOLATION" source="#mixamorig_Hips-Interpolations"/>
      </sampler>
      <channel source="#mixamorig_Hips-Matrix-animation-transform" target="mixamorig_Hips/matrix"/>
    </animation>
    <animation id="mixamorig_Spine-anim" name="mixamorig_Spine">
      <source id="mixamorig_Spine-Matrix-animation-input">
        <float_array id="mixamorig_Spine-Matrix-animation-input-array" count="24">

0.000000 0.033333 0.066667 0.100000 0.133333 0.166667 0.200000 0.233333 0.266667 0.300000 0.333333 0.366667 0.400000 0.433333 0.466667 0.500000
0.533333 0.566667 0.600000 0.633333 0.666667 0.700000 0.733333 0.766667</float_array>
        <technique_common>
          <accessor source="#mixamorig_Spine-Matrix-animation-input-array" count="24">
            <param name="TIME" type="float"/>
          </accessor>
        </technique_common>
      </source>
      <source id="mixamorig_Spine-Matrix-animation-output-transform">
        <float_array id="mixamorig_Spine-Matrix-animation-output-transform-array" count="384">

0.998725 0.002932 0.050406 0.004700 0.006996 0.980646 -0.195662 5.245300 -0.050004 0.195765 0.979375 0.258800 0.000000 0.000000 0.000000 1.000000
0.999446 -0.001596 0.033244 0.004700 0.008127 0.980317 -0.197263 5.245300 -0.032275 0.197424 0.979787 0.258800 0.000000 0.000000 0.000000 1.000000
0.999907 -0.007158 0.011623 0.004700 0.009303 0.980475 -0.196423 5.245300 -0.009990 0.196513 0.980450 0.258800 0.000000 0.000000 0.000000 1.000000
0.999855 -0.011451 -0.012617 0.004700 0.008808 0.981252 -0.192526 5.245300 0.014585 0.192387 0.981211 0.258800 0.000000 0.000000 0.000000 1.000000
0.999285 -0.011774 -0.035924 0.004700 0.004893 0.982551 -0.185929 5.245300 0.037486 0.185621 0.981906 0.258800 0.000000 0.000000 0.000000 1.000000
0.998450 -0.008239 -0.055043 0.004700 -0.001647 0.984178 -0.177177 5.245300 0.055632 0.176993 0.982639 0.258800 0.000000 0.000000 0.000000 1.000000
0.997801 -0.001790 -0.066263 0.004700 -0.009399 0.985716 -0.168155 5.245300 0.065618 0.168408 0.983531 0.258800 0.000000 0.000000 0.000000 1.000000
0.997615 0.003200 -0.068954 0.004700 -0.014318 0.986792 -0.161356 5.245300 0.067527 0.161958 0.984484 0.258800 0.000000 0.000000 0.000000 1.000000
0.997825 0.006074 -0.065642 0.004700 -0.016508 0.987044 -0.159598 5.245300 0.063822 0.160334 0.984997 0.258800 0.000000 0.000000 0.000000 1.000000
0.998077 0.010740 -0.061047 0.004700 -0.020592 0.986388 -0.163137 5.245300 0.058464 0.164081 0.984713 0.258800 0.000000 0.000000 0.000000 1.000000
0.998291 0.017164 -0.055862 0.004700 -0.026452 0.985080 -0.170050 5.245300 0.052110 0.171237 0.983851 0.258800 0.000000 0.000000 0.000000 1.000000
0.998529 0.024609 -0.048306 0.004700 -0.032802 0.983678 -0.176921 5.245300 0.043164 0.178246 0.983039 0.258800 0.000000 0.000000 0.000000 1.000000
0.998844 0.031801 -0.036053 0.004700 -0.037841 0.982636 -0.181642 5.245300 0.029650 0.182796 0.982704 0.258800 0.000000 0.000000 0.000000 1.000000
0.999036 0.039156 -0.019852 0.004700 -0.042142 0.982087 -0.183653 5.245300 0.012306 0.184312 0.982791 0.258800 0.000000 0.000000 0.000000 1.000000
0.998965 0.045480 -0.000339 0.004700 -0.044765 0.981885 -0.184115 5.245300 -0.008041 0.183939 0.982905 0.258800 0.000000 0.000000 0.000000 1.000000
0.998653 0.047015 0.021965 0.004700 -0.042192 0.982065 -0.183761 5.245300 -0.030210 0.182587 0.982725 0.258800 0.000000 0.000000 0.000000 1.000000
0.998112 0.042087 0.044731 0.004700 -0.033226 0.982536 -0.183083 5.245300 -0.051655 0.181251 0.982079 0.258800 0.000000 0.000000 0.000000 1.000000
0.997460 0.032979 0.063134 0.004700 -0.021007 0.983137 -0.181661 5.245300 -0.068060 0.179873 0.981333 0.258800 0.000000 0.000000 0.000000 1.000000
0.997032 0.021358 0.073960 0.004700 -0.007681 0.983548 -0.180483 5.245300 -0.076598 0.179379 0.980793 0.258800 0.000000 0.000000 0.000000 1.000000
0.997010 0.011409 0.076432 0.004700 0.002582 0.983572 -0.180496 5.245300 -0.077236 0.180154 0.980601 0.258800 0.000000 0.000000 0.000000 1.000000
0.997204 0.005250 0.074544 0.004700 0.008487 0.983118 -0.182776 5.245300 -0.074245 0.182898 0.980324 0.258800 0.000000 0.000000 0.000000 1.000000
0.997568 0.001645 0.069685 0.004700 0.011424 0.982345 -0.186728 5.245300 -0.068762 0.187070 0.979937 0.258800 0.000000 0.000000 0.000000 1.000000
0.998118 0.001805 0.061294 0.004700 0.009982 0.981451 -0.191452 5.245300 -0.060503 0.191703 0.979586 0.258800 0.000000 0.000000 0.000000 1.000000
0.998725 0.002941 0.050401 0.004700 0.006986 0.980647 -0.195661 5.245300 -0.050001 0.195763 0.979376 0.258800 0.000000 0.000000 0.000000 1.000000</float_array>
        <technique_common>
          <accessor source="#mixamorig_Spine-Matrix-animation-output-transform-array" count="24" stride="16">
            <param type="float4x4"/>
          </accessor>
        </technique_common>
      </source>
      <source id="mixamorig_Spine-Interpolations">
        <Name_array id="mixamorig_Spine-Interpolations-array" count="24">
 LINEAR LINEAR LINEAR LINEAR LINEAR LINEAR LINEAR LINEAR LINEAR LINEAR LINEAR
LINEAR LINEAR LINEAR LINEAR LINEAR LINEAR LINEAR LINEAR LINEAR LINEAR LINEAR LINEAR
LINEAR</Name_array>
        <technique_common>
          <accessor source="#mixamorig_Spine-Interpolations-array" count="24">
            <param type="name"/>
          </accessor>
        </technique_common>
      </source>
      <sampler id="mixamorig_Spine-Matrix-animation-transform">
        <input semantic="INPUT" source="#mixamorig_Spine-Matrix-animation-input"/>
        <input semantic="OUTPUT" source="#mixamorig_Spine-Matrix-animation-output-transform"/>
        <input semantic="INTERPOLATION" source="#mixamorig_Spine-Interpolations"/>
      </sampler>
      <channel source="#mixamorig_Spine-Matrix-animation-transform" target="mixamorig_Spine/matrix"/>
    </animation>
    <animation id="mixamorig_Spine1-anim" name="mixamorig_Spine1">
      <source id="mixamorig_Spine1-Matrix-animation-input">
        <float_array id="mixamorig_Spine1-Matrix-animation-input-array" count="24">

0.000000 0.033333 0.066667 0.100000 0.133333 0.166667 0.200000 0.233333 0.266667 0.300000 0.333333 0.366667 0.400000 0.433333 0.466667 0.500000
0.533333 0.566667 0.600000 0.633333 0.666667 0.700000 0.733333 0.766667</float_array>
        <technique_common>
          <accessor source="#mixamorig_Spine1-Matrix-animation-input-array" count="24">
            <param name="TIME" type="float"/>
          </accessor>
        </technique_common>
      </source>
      <source id="mixamorig_Spine1-Matrix-animation-output-transform">
        <float_array id="mixamorig_Spine1-Matrix-animation-output-transform-array" count="384">

0.995495 0.007339 0.094528 0.000000 -0.002395 0.998628 -0.052308 11.066900 -0.094782 0.051846 0.994147 -0.000000 0.000000 0.000000 0.000000 1.000000
0.998146 0.004892 0.060665 -0.000000 -0.001660 0.998581 -0.053222 11.066900 -0.060839 0.053022 0.996738 0.000000 0.000000 0.000000 0.000000 1.000000
0.999839 -0.002169 0.017826 0.000000 0.003066 0.998720 -0.050484 11.066900 -0.017694 0.050531 0.998566 -0.000000 0.000000 0.000000 0.000000 1.000000
0.999534 -0.007479 -0.029590 0.000000 0.006220 0.999080 -0.042437 11.066900 0.029880 0.042233 0.998661 0.000000 0.000000 0.000000 0.000000 1.000000
0.997213 -0.006477 -0.074324 0.000000 0.004237 0.999533 -0.030255 11.066900 0.074485 0.029856 0.996775 0.000000 0.000000 0.000000 0.000000 1.000000
0.993871 0.003510 -0.110490 0.000000 -0.005100 0.999887 -0.014113 11.066900 0.110428 0.014590 0.993777 0.000000 0.000000 0.000000 0.000000 1.000000
0.991380 0.015018 -0.130153 0.000000 -0.014807 0.999887 0.002589 11.066900 0.130177 -0.000639 0.991491 0.000000 0.000000 0.000000 0.000000 1.000000
0.990869 0.021626 -0.133079 -0.000000 -0.019772 0.999688 0.015234 11.066900 0.133367 -0.012464 0.990988 0.000000 0.000000 0.000000 0.000000 1.000000
0.991872 0.023606 -0.125034 0.000000 -0.021510 0.999605 0.018092 11.066900 0.125411 -0.015256 0.991988 -0.000000 0.000000 0.000000 0.000000 1.000000
0.993349 0.023978 -0.112619 0.000000 -0.022935 0.999681 0.010551 11.066900 0.112836 -0.007898 0.993582 -0.000000 0.000000 0.000000 0.000000 1.000000
0.994842 0.025169 -0.098268 -0.000000 -0.025607 0.999667 -0.003196 11.066900 0.098155 0.005696 0.995155 0.000000 0.000000 0.000000 0.000000 1.000000
0.996370 0.029058 -0.080016 0.000000 -0.030403 0.999415 -0.015635 11.066900 0.079515 0.018011 0.996671 -0.000000 0.000000 0.000000 0.000000 1.000000
0.997732 0.038125 -0.055468 0.000000 -0.039426 0.998968 -0.022553 11.066900 0.054551 0.024689 0.998206 0.000000 0.000000 0.000000 0.000000 1.000000
0.998323 0.052387 -0.024622 0.000000 -0.052987 0.998297 -0.024387 11.066900 0.023303 0.025651 0.999399 0.000000 0.000000 0.000000 0.000000 1.000000
0.997758 0.065758 0.012409 0.000000 -0.065432 0.997543 -0.025044 11.066900 -0.014026 0.024176 0.999609 0.000000 0.000000 0.000000 0.000000 1.000000
0.996133 0.069096 0.054263 -0.000000 -0.067712 0.997341 -0.026937 11.066900 -0.055980 0.023159 0.998163 0.000000 0.000000 0.000000 0.000000 1.000000
0.993644 0.058952 0.095902 -0.000000 -0.056370 0.997977 -0.029415 11.066900 -0.097442 0.023822 0.994956 0.000000 0.000000 0.000000 0.000000 1.000000
0.990793 0.040482 0.129193 0.000000 -0.036921 0.998873 -0.029839 11.066900 -0.130255 0.024795 0.991170 0.000000 0.000000 0.000000 0.000000 1.000000
0.988850 0.024606 0.146868 0.000000 -0.020431 0.999345 -0.029867 11.066900 -0.147507 0.026533 0.988705 -0.000000 0.000000 0.000000 0.000000 1.000000
0.988163 0.014028 0.152766 0.000000 -0.009328 0.999462 -0.031440 11.066900 -0.153125 0.029643 0.987762 -0.000000 0.000000 0.000000 0.000000 1.000000
0.988661 0.006037 0.150043 0.000000 -0.000652 0.999355 -0.035918 11.066900 -0.150163 0.035413 0.988027 0.000000 0.000000 0.000000 0.000000 1.000000
0.990184 0.012056 0.139250 0.000000 -0.006110 0.999054 -0.043045 11.066900 -0.139637 0.041771 0.989321 0.000000 0.000000 0.000000 0.000000 1.000000
0.992635 0.009174 0.120794 0.000000 -0.003416 0.998852 -0.047790 11.066900 -0.121094 0.047026 0.991527 0.000000 0.000000 0.000000 0.000000 1.000000
0.995496 0.006918 0.094555 0.000000 -0.001978 0.998633 -0.052239 11.066900 -0.094787 0.051817 0.994148 0.000000 0.000000 0.000000 0.000000 1.000000</float_array>
        <technique_common>
          <accessor source="#mixamorig_Spine1-Matrix-animation-output-transform-array" count="24" stride="16">
            <param type="float4x4"/>
          </accessor>
        </technique_common>
      </source>
      <source id="mixamorig_Spine1-Interpolations">
        <Name_array id="mixamorig_Spine1-Interpolations-array" count="24">
 LINEAR LINEAR LINEAR LINEAR LINEAR LINEAR LINEAR LINEAR LINEAR LINEAR LINEAR
LINEAR LINEAR LINEAR LINEAR LINEAR LINEAR LINEAR LINEAR LINEAR LINEAR LINEAR LINEAR
LINEAR</Name_array>
        <technique_common>
          <accessor source="#mixamorig_Spine1-Interpolations-array" count="24">
            <param type="name"/>
          </accessor>
        </technique_common>
      </source>
      <sampler id="mixamorig_Spine1-Matrix-animation-transform">
        <input semantic="INPUT" source="#mixamorig_Spine1-Matrix-animation-input"/>
        <input semantic="OUTPUT" source="#mixamorig_Spine1-Matrix-animation-output-transform"/>
        <input semantic="INTERPOLATION" source="#mixamorig_Spine1-Interpolations"/>
      </sampler>
      <channel source="#mixamorig_Spine1-Matrix-animation-transform" target="mixamorig_Spine1/matrix"/>
    </animation>
    <animation id="mixamorig_Spine2-anim" name="mixamorig_Spine2">
      <source id="mixamorig_Spine2-Matrix-animation-input">
        <float_array id="mixamorig_Spine2-Matrix-animation-input-array" count="24">

0.000000 0.033333 0.066667 0.100000 0.133333 0.166667 0.200000 0.233333 0.266667 0.300000 0.333333 0.366667 0.400000 0.433333 0.466667 0.500000
0.533333 0.566667 0.600000 0.633333 0.666667 0.700000 0.733333 0.766667</float_array>
        <technique_common>
          <accessor source="#mixamorig_Spine2-Matrix-animation-input-array" count="24">
            <param name="TIME" type="float"/>
          </accessor>
        </technique_common>
      </source>
      <source id="mixamorig_Spine2-Matrix-animation-output-transform">
        <float_array id="mixamorig_Spine2-Matrix-animation-output-transform-array" count="384">

0.995514 0.000168 0.094614 0.000000 0.005936 0.997918 -0.064229 8.141900 -0.094428 0.064502 0.993440 0.000000 0.000000 0.000000 0.000000 1.000000
0.998175 -0.000292 0.060383 0.000000 0.004246 0.997852 -0.065373 8.141900 -0.060234 0.065510 0.996032 -0.000000 0.000000 0.000000 0.000000 1.000000
0.999835 -0.005044 0.017455 0.000000 0.006127 0.998022 -0.062562 8.141900 -0.017105 0.062659 0.997888 0.000000 0.000000 0.000000 0.000000 1.000000
0.999523 -0.007826 -0.029864 0.000000 0.006190 0.998496 -0.054477 8.141900 0.030245 0.054266 0.998068 -0.000000 0.000000 0.000000 0.000000 1.000000
0.997239 -0.004329 -0.074137 -0.000000 0.001187 0.999101 -0.042372 8.141900 0.074254 0.042167 0.996347 0.000000 0.000000 0.000000 0.000000 1.000000
0.993936 0.007839 -0.109684 0.000000 -0.010764 0.999601 -0.026107 8.141900 0.109435 0.027129 0.993624 0.000000 0.000000 0.000000 0.000000 1.000000
0.991466 0.020667 -0.128719 0.000000 -0.022026 0.999716 -0.009142 8.141900 0.128494 0.011899 0.991639 0.000000 0.000000 0.000000 0.000000 1.000000
0.990963 0.027569 -0.131274 0.000000 -0.027325 0.999620 0.003659 8.141900 0.131325 -0.000039 0.991339 0.000000 0.000000 0.000000 0.000000 1.000000
0.991964 0.029136 -0.123119 0.000000 -0.028551 0.999571 0.006514 8.141900 0.123256 -0.002946 0.992371 0.000000 0.000000 0.000000 0.000000 1.000000
0.993442 0.028757 -0.110660 0.000000 -0.029070 0.999577 -0.001214 8.141900 0.110578 0.004423 0.993858 0.000000 0.000000 0.000000 0.000000 1.000000
0.994945 0.029016 -0.096139 0.000000 -0.030621 0.999415 -0.015263 8.141900 0.095640 0.018130 0.995251 0.000000 0.000000 0.000000 0.000000 1.000000
0.996485 0.031681 -0.077552 -0.000000 -0.033938 0.999033 -0.027960 8.141900 0.076591 0.030494 0.996596 0.000000 0.000000 0.000000 0.000000 1.000000
0.997849 0.039187 -0.052557 0.000000 -0.041056 0.998545 -0.034959 8.141900 0.051110 0.037041 0.998006 0.000000 0.000000 0.000000 0.000000 1.000000
0.998437 0.051680 -0.021280 -0.000000 -0.052438 0.997948 -0.036746 8.141900 0.019338 0.037804 0.999098 0.000000 0.000000 0.000000 0.000000 1.000000
0.997880 0.063064 0.016078 -0.000000 -0.062428 0.997349 -0.037398 8.141900 -0.018394 0.036315 0.999171 0.000000 0.000000 0.000000 0.000000 1.000000
0.996264 0.064069 0.057911 0.000000 -0.061849 0.997309 -0.039360 8.141900 -0.060277 0.035631 0.997546 -0.000000 0.000000 0.000000 0.000000 1.000000
0.993768 0.051306 0.098956 0.000000 -0.047357 0.998001 -0.041847 8.141900 -0.100905 0.036900 0.994211 0.000000 0.000000 0.000000 0.000000 1.000000
0.990896 0.030464 0.131139 0.000000 -0.025122 0.998793 -0.042197 8.141900 -0.132267 0.038518 0.990466 -0.000000 0.000000 0.000000 0.000000 1.000000
0.988957 0.013154 0.147621 -0.000000 -0.006961 0.999077 -0.042396 8.141900 -0.148043 0.040900 0.988135 0.000000 0.000000 0.000000 0.000000 1.000000
0.988219 0.001904 0.153033 0.000000 0.004880 0.999022 -0.043939 8.141900 -0.152967 0.044168 0.987244 -0.000000 0.000000 0.000000 0.000000 1.000000
0.988618 -0.006033 0.150326 0.000000 0.013396 0.998757 -0.048017 8.141900 -0.149850 0.049484 0.987470 0.000000 0.000000 0.000000 0.000000 1.000000
0.990268 0.000813 0.139175 0.000000 0.007087 0.998391 -0.056261 8.141900 -0.138997 0.056699 0.988668 -0.000000 0.000000 0.000000 0.000000 1.000000
0.992687 -0.000282 0.120718 0.000000 0.007654 0.998132 -0.060613 8.141900 -0.120476 0.061093 0.990835 0.000000 0.000000 0.000000 0.000000 1.000000
0.995514 -0.000250 0.094617 0.000000 0.006345 0.997922 -0.064121 8.141900 -0.094405 0.064433 0.993447 0.000000 0.000000 0.000000 0.000000 1.000000</float_array>
        <technique_common>
          <accessor source="#mixamorig_Spine2-Matrix-animation-output-transform-array" count="24" stride="16">
            <param type="float4x4"/>
          </accessor>
        </technique_common>
      </source>
      <source id="mixamorig_Spine2-Interpolations">
        <Name_array id="mixamorig_Spine2-Interpolations-array" count="24">
 LINEAR LINEAR LINEAR LINEAR LINEAR LINEAR LINEAR LINEAR LINEAR LINEAR LINEAR
LINEAR LINEAR LINEAR LINEAR LINEAR LINEAR LINEAR LINEAR LINEAR LINEAR LINEAR LINEAR
LINEAR</Name_array>
        <technique_common>
          <accessor source="#mixamorig_Spine2-Interpolations-array" count="24">
            <param type="name"/>
          </accessor>
        </technique_common>
      </source>
      <sampler id="mixamorig_Spine2-Matrix-animation-transform">
        <input semantic="INPUT" source="#mixamorig_Spine2-Matrix-animation-input"/>
        <input semantic="OUTPUT" source="#mixamorig_Spine2-Matrix-animation-output-transform"/>
        <input semantic="INTERPOLATION" source="#mixamorig_Spine2-Interpolations"/>
      </sampler>
      <channel source="#mixamorig_Spine2-Matrix-animation-transform" target="mixamorig_Spine2/matrix"/>
    </animation>
    <animation id="mixamorig_Neck-anim" name="mixamorig_Neck">
      <source id="mixamorig_Neck-Matrix-animation-input">
        <float_array id="mixamorig_Neck-Matrix-animation-input-array" count="24">

0.000000 0.033333 0.066667 0.100000 0.133333 0.166667 0.200000 0.233333 0.266667 0.300000 0.333333 0.366667 0.400000 0.433333 0.466667 0.500000
0.533333 0.566667 0.600000 0.633333 0.666667 0.700000 0.733333 0.766667</float_array>
        <technique_common>
          <accessor source="#mixamorig_Neck-Matrix-animation-input-array" count="24">
            <param name="TIME" type="float"/>
          </accessor>
        </technique_common>
      </source>
      <source id="mixamorig_Neck-Matrix-animation-output-transform">
        <float_array id="mixamorig_Neck-Matrix-animation-output-transform-array" count="384">

0.982506 0.000597 -0.186229 -0.112200 0.053808 0.956435 0.286944 18.919500 0.178288 -0.291944 0.939671 -3.736100 0.000000 0.000000 0.000000 1.000000
0.986906 -0.001466 -0.161288 -0.112200 0.055768 0.941389 0.332680 18.919500 0.151347 -0.337319 0.929145 -3.736100 0.000000 0.000000 0.000000 1.000000
0.992528 -0.009183 -0.121673 -0.112200 0.054615 0.925134 0.375693 18.919500 0.109114 -0.379531 0.918722 -3.736100 0.000000 0.000000 0.000000 1.000000
0.997234 -0.024803 -0.070067 -0.112200 0.050660 0.916618 0.396542 18.919500 0.054389 -0.398994 0.915339 -3.736100 0.000000 0.000000 0.000000 1.000000
0.998645 -0.049858 -0.014899 -0.112200 0.051708 0.918733 0.391479 18.919500 -0.005830 -0.391719 0.920066 -3.736100 0.000000 0.000000 0.000000 1.000000
0.996103 -0.081341 0.034088 -0.112200 0.063133 0.927518 0.368408 18.919500 -0.061584 -0.364820 0.929039 -3.736100 0.000000 0.000000 0.000000 1.000000
0.990966 -0.113633 0.071238 -0.112200 0.082621 0.935641 0.343146 18.919500 -0.105646 -0.334160 0.936577 -3.736100 0.000000 0.000000 0.000000 1.000000
0.985483 -0.140427 0.095411 -0.112200 0.102300 0.939683 0.326391 18.919500 -0.135490 -0.311892 0.940407 -3.736100 0.000000 0.000000 0.000000 1.000000
0.980778 -0.163690 0.106209 -0.112200 0.121854 0.938923 0.321830 18.919500 -0.152402 -0.302702 0.940822 -3.736100 0.000000 0.000000 0.000000 1.000000
0.976691 -0.187737 0.104060 -0.112200 0.144155 0.932894 0.330041 18.919500 -0.159038 -0.307348 0.938213 -3.736100 0.000000 0.000000 0.000000 1.000000
0.973058 -0.211022 0.092883 -0.112200 0.166290 0.921395 0.351253 18.919500 -0.159704 -0.326345 0.931662 -3.736100 0.000000 0.000000 0.000000 1.000000
0.970376 -0.228955 0.077139 -0.112200 0.182730 0.904385 0.385613 18.919500 -0.158052 -0.360094 0.919430 -3.736100 0.000000 0.000000 0.000000 1.000000
0.969185 -0.239308 0.058408 -0.112200 0.192139 0.882783 0.428692 18.919500 -0.154151 -0.404259 0.901561 -3.736100 0.000000 0.000000 0.000000 1.000000
0.969570 -0.242209 0.035612 -0.112200 0.199409 0.865737 0.459058 18.919500 -0.142018 -0.437988 0.887692 -3.736100 0.000000 0.000000 0.000000 1.000000
0.971281 -0.237887 0.004702 -0.112200 0.208496 0.860469 0.464890 18.919500 -0.114637 -0.450559 0.885356 -3.736100 0.000000 0.000000 0.000000 1.000000
0.974169 -0.223619 -0.031460 -0.112200 0.214541 0.873001 0.437997 18.919500 -0.070480 -0.433433 0.898426 -3.736100 0.000000 0.000000 0.000000 1.000000
0.977432 -0.198862 -0.071277 -0.112200 0.210984 0.902051 0.376548 18.919500 -0.010586 -0.383089 0.923651 -3.736100 0.000000 0.000000 0.000000 1.000000
0.979532 -0.167501 -0.111625 -0.112200 0.193802 0.934630 0.298175 18.919500 0.054383 -0.313705 0.947962 -3.736100 0.000000 0.000000 0.000000 1.000000
0.979246 -0.136871 -0.149479 -0.112200 0.169081 0.958357 0.230136 18.919500 0.111756 -0.250634 0.961610 -3.736100 0.000000 0.000000 0.000000 1.000000
0.977691 -0.109342 -0.179347 -0.112200 0.143568 0.971114 0.190591 18.919500 0.153327 -0.212088 0.965147 -3.736100 0.000000 0.000000 0.000000 1.000000
0.976760 -0.083454 -0.197421 -0.112200 0.120550 0.975493 0.184071 18.919500 0.177221 -0.203592 0.962883 -3.736100 0.000000 0.000000 0.000000 1.000000
0.977582 -0.055716 -0.203050 -0.112200 0.097746 0.974231 0.203274 18.919500 0.186492 -0.218564 0.957836 -3.736100 0.000000 0.000000 0.000000 1.000000
0.979942 -0.023759 -0.197860 -0.112200 0.072070 0.967916 0.240716 18.919500 0.185793 -0.250147 0.950214 -3.736100 0.000000 0.000000 0.000000 1.000000
0.982506 0.000596 -0.186230 -0.112200 0.053807 0.956437 0.286937 18.919500 0.178288 -0.291938 0.939673 -3.736100 0.000000 0.000000 0.000000 1.000000</float_array>
        <technique_common>
          <accessor source="#mixamorig_Neck-Matrix-animation-output-transform-array" count="24" stride="16">
            <param type="float4x4"/>
          </accessor>
        </technique_common>
      </source>
      <source id="mixamorig_Neck-Interpolations">
        <Name_array id="mixamorig_Neck-Interpolations-array" count="24">
 LINEAR LINEAR LINEAR LINEAR LINEAR LINEAR LINEAR LINEAR LINEAR LINEAR LINEAR
LINEAR LINEAR LINEAR LINEAR LINEAR LINEAR LINEAR LINEAR LINEAR LINEAR LINEAR LINEAR
LINEAR</Name_array>
        <technique_common>
          <accessor source="#mixamorig_Neck-Interpolations-array" count="24">
            <param type="name"/>
          </accessor>
        </technique_common>
      </source>
      <sampler id="mixamorig_Neck-Matrix-animation-transform">
        <input semantic="INPUT" source="#mixamorig_Neck-Matrix-animation-input"/>
        <input semantic="OUTPUT" source="#mixamorig_Neck-Matrix-animation-output-transform"/>
        <input semantic="INTERPOLATION" source="#mixamorig_Neck-Interpolations"/>
      </sampler>
      <channel source="#mixamorig_Neck-Matrix-animation-transform" target="mixamorig_Neck/matrix"/>
    </animation>
    <animation id="mixamorig_Head-anim" name="mixamorig_Head">
      <source id="mixamorig_Head-Matrix-animation-input">
        <float_array id="mixamorig_Head-Matrix-animation-input-array" count="24">

0.000000 0.033333 0.066667 0.100000 0.133333 0.166667 0.200000 0.233333 0.266667 0.300000 0.333333 0.366667 0.400000 0.433333 0.466667 0.500000
0.533333 0.566667 0.600000 0.633333 0.666667 0.700000 0.733333 0.766667</float_array>
        <technique_common>
          <accessor source="#mixamorig_Head-Matrix-animation-input-array" count="24">
            <param name="TIME" type="float"/>
          </accessor>
        </technique_common>
      </source>
      <source id="mixamorig_Head-Matrix-animation-output-transform">
        <float_array id="mixamorig_Head-Matrix-animation-output-transform-array" count="384">

0.996666 0.075824 -0.030115 0.000000 -0.076084 0.997072 -0.007594 8.673000 0.029451 0.009860 0.999518 3.319300 0.000000 0.000000 0.000000 1.000000
0.996801 0.079517 -0.008024 -0.000000 -0.079721 0.996381 -0.029493 8.673000 0.005650 0.030038 0.999533 3.319300 0.000000 0.000000 0.000000 1.000000
0.996799 0.076698 0.022574 0.000000 -0.075406 0.995722 -0.053395 8.673000 -0.026573 0.051522 0.998318 3.319300 0.000000 0.000000 0.000000 1.000000
0.995450 0.071585 0.062883 0.000000 -0.066794 0.994925 -0.075245 8.673000 -0.067950 0.070702 0.995180 3.319300 0.000000 0.000000 0.000000 1.000000
0.990953 0.075257 0.111125 -0.000000 -0.065591 0.993939 -0.088218 8.673000 -0.117091 0.080131 0.989883 3.319300 0.000000 0.000000 0.000000 1.000000
0.983217 0.084934 0.161467 0.000000 -0.069258 0.992538 -0.100361 8.673000 -0.168786 0.087494 0.981762 3.319300 0.000000 0.000000 0.000000 1.000000
0.974982 0.092389 0.202173 0.000000 -0.071283 0.991449 -0.109309 8.673000 -0.210543 0.092163 0.973231 3.319300 0.000000 0.000000 0.000000 1.000000
0.968938 0.092463 0.229369 -0.000000 -0.068691 0.991604 -0.109560 8.673000 -0.237573 0.090402 0.967154 3.319300 0.000000 0.000000 0.000000 1.000000
0.965007 0.090883 0.245970 0.000000 -0.066922 0.992313 -0.104098 8.673000 -0.253540 0.083994 0.963671 3.319300 0.000000 0.000000 0.000000 1.000000
0.962152 0.089551 0.257378 0.000000 -0.066324 0.993016 -0.097569 8.673000 -0.264318 0.076805 0.961373 3.319300 0.000000 0.000000 0.000000 1.000000
0.960202 0.087331 0.265304 0.000000 -0.064008 0.993385 -0.095337 8.673000 -0.271875 0.074561 0.959440 3.319300 0.000000 0.000000 0.000000 1.000000
0.959791 0.079806 0.269131 0.000000 -0.055165 0.993664 -0.097919 8.673000 -0.275240 0.079135 0.958113 3.319300 0.000000 0.000000 0.000000 1.000000
0.960722 0.070050 0.268526 0.000000 -0.042253 0.993260 -0.107936 8.673000 -0.274277 0.092350 0.957206 3.319300 0.000000 0.000000 0.000000 1.000000
0.962477 0.069538 0.262304 0.000000 -0.037638 0.991476 -0.124738 8.673000 -0.268742 0.110185 0.956889 3.319300 0.000000 0.000000 0.000000 1.000000
0.966241 0.077275 0.245777 0.000000 -0.043975 0.989427 -0.138205 8.673000 -0.253858 0.122731 0.959423 3.319300 0.000000 0.000000 0.000000 1.000000
0.972510 0.087164 0.215933 0.000000 -0.057567 0.988511 -0.139757 8.673000 -0.225634 0.123485 0.966354 3.319300 0.000000 0.000000 0.000000 1.000000
0.980686 0.093210 0.171947 0.000000 -0.072868 0.989968 -0.121054 8.673000 -0.181506 0.106187 0.977640 3.319300 0.000000 0.000000 0.000000 1.000000
0.988067 0.095221 0.121063 0.000000 -0.084947 0.992547 -0.087378 8.673000 -0.128480 0.076051 0.988792 3.319300 0.000000 0.000000 0.000000 1.000000
0.992691 0.095790 0.073414 0.000000 -0.092461 0.994584 -0.047476 8.673000 -0.077564 0.040341 0.996171 3.319300 0.000000 0.000000 0.000000 1.000000
0.994520 0.097748 0.037075 0.000000 -0.097252 0.995147 -0.014955 8.673000 -0.038357 0.011268 0.999201 3.319300 0.000000 0.000000 0.000000 1.000000
0.995116 0.097930 0.012391 0.000000 -0.097981 0.995182 0.003554 8.673000 -0.011984 -0.004751 0.999917 3.319300 0.000000 0.000000 0.000000 1.000000
0.995771 0.091756 -0.004538 0.000000 -0.091722 0.995758 0.007242 8.673000 0.005183 -0.006796 0.999963 3.319300 0.000000 0.000000 0.000000 1.000000
0.996626 0.080021 -0.018273 0.000000 -0.080018 0.996793 0.000915 8.673000 0.018288 0.000551 0.999833 3.319300 0.000000 0.000000 0.000000 1.000000
0.996666 0.075823 -0.030115 -0.000000 -0.076083 0.997073 -0.007587 8.673000 0.029452 0.009853 0.999518 3.319300 0.000000 0.000000 0.000000 1.000000</float_array>
        <technique_common>
          <accessor source="#mixamorig_Head-Matrix-animation-output-transform-array" count="24" stride="16">
            <param type="float4x4"/>
          </accessor>
        </technique_common>
      </source>
      <source id="mixamorig_Head-Interpolations">
        <Name_array id="mixamorig_Head-Interpolations-array" count="24">
 LINEAR LINEAR LINEAR LINEAR LINEAR LINEAR LINEAR LINEAR LINEAR LINEAR LINEAR
LINEAR LINEAR LINEAR LINEAR LINEAR LINEAR LINEAR LINEAR LINEAR LINEAR LINEAR LINEAR
LINEAR</Name_array>
        <technique_common>
          <accessor source="#mixamorig_Head-Interpolations-array" count="24">
            <param type="name"/>
          </accessor>
        </technique_common>
      </source>
      <sampler id="mixamorig_Head-Matrix-animation-transform">
        <input semantic="INPUT" source="#mixamorig_Head-Matrix-animation-input"/>
        <input semantic="OUTPUT" source="#mixamorig_Head-Matrix-animation-output-transform"/>
        <input semantic="INTERPOLATION" source="#mixamorig_Head-Interpolations"/>
      </sampler>
      <channel source="#mixamorig_Head-Matrix-animation-transform" target="mixamorig_Head/matrix"/>
    </animation>
    <animation id="mixamorig_LeftShoulder-anim" name="mixamorig_LeftShoulder">
      <source id="mixamorig_LeftShoulder-Matrix-animation-input">
        <float_array id="mixamorig_LeftShoulder-Matrix-animation-input-array" count="24">

0.000000 0.033333 0.066667 0.100000 0.133333 0.166667 0.200000 0.233333 0.266667 0.300000 0.333333 0.366667 0.400000 0.433333 0.466667 0.500000
0.533333 0.566667 0.600000 0.633333 0.666667 0.700000 0.733333 0.766667</float_array>
        <technique_common>
          <accessor source="#mixamorig_LeftShoulder-Matrix-animation-input-array" count="24">
            <param name="TIME" type="float"/>
          </accessor>
        </technique_common>
      </source>
      <source id="mixamorig_LeftShoulder-Matrix-animation-output-transform">
        <float_array id="mixamorig_LeftShoulder-Matrix-animation-output-transform-array" count="384">

0.006571 0.935135 -0.354230 6.339200 0.012313 -0.354287 -0.935056 14.952900 -0.999903 0.001783 -0.013843 -4.642900 0.000000 0.000000 0.000000 1.000000
0.041226 0.928974 -0.367842 6.339200 0.012370 -0.368601 -0.929505 14.952900 -0.999073 0.033770 -0.026687 -4.642900 0.000000 0.000000 0.000000 1.000000
0.081347 0.923911 -0.373859 6.339200 0.011747 -0.375965 -0.926559 14.952900 -0.996617 0.070981 -0.041436 -4.642900 0.000000 0.000000 0.000000 1.000000
0.117842 0.923686 -0.364577 6.339200 0.011332 -0.368362 -0.929613 14.952900 -0.992968 0.105416 -0.053876 -4.642900 0.000000 0.000000 0.000000 1.000000
0.139730 0.929440 -0.341492 6.339200 0.011823 -0.346417 -0.938006 14.952900 -0.990119 0.127030 -0.059394 -4.642900 0.000000 0.000000 0.000000 1.000000
0.148703 0.938234 -0.312418 6.339200 0.012938 -0.317749 -0.948086 14.952900 -0.988797 0.136942 -0.059390 -4.642900 0.000000 0.000000 0.000000 1.000000
0.150077 0.945158 -0.290091 6.339200 0.013801 -0.295388 -0.955278 14.952900 -0.988578 0.139362 -0.057375 -4.642900 0.000000 0.000000 0.000000 1.000000
0.151962 0.948977 -0.276316 6.339200 0.014343 -0.281651 -0.959410 14.952900 -0.988282 0.141830 -0.056411 -4.642900 0.000000 0.000000 0.000000 1.000000
0.155246 0.950979 -0.267467 6.339200 0.014846 -0.272965 -0.961909 14.952900 -0.987764 0.145362 -0.056495 -4.642900 0.000000 0.000000 0.000000 1.000000
0.159129 0.951553 -0.263107 6.339200 0.015096 -0.268817 -0.963073 14.952900 -0.987142 0.149281 -0.057141 -4.642900 0.000000 0.000000 0.000000 1.000000
0.160469 0.950180 -0.267221 6.339200 0.015055 -0.273054 -0.961881 14.952900 -0.986926 0.150329 -0.058121 -4.642900 0.000000 0.000000 0.000000 1.000000
0.158311 0.944803 -0.286854 6.339200 0.014324 -0.292685 -0.956102 14.952900 -0.987285 0.147253 -0.059869 -4.642900 0.000000 0.000000 0.000000 1.000000
0.149524 0.935788 -0.319285 6.339200 0.013141 -0.324768 -0.945702 14.952900 -0.988671 0.137210 -0.060858 -4.642900 0.000000 0.000000 0.000000 1.000000
0.125310 0.927606 -0.351917 6.339200 0.012300 -0.356138 -0.934352 14.952900 -0.992041 0.112755 -0.056037 -4.642900 0.000000 0.000000 0.000000 1.000000
0.085586 0.925825 -0.368135 6.339200 0.012408 -0.370453 -0.928768 14.952900 -0.996253 0.074922 -0.043193 -4.642900 0.000000 0.000000 0.000000 1.000000
0.037410 0.933353 -0.357005 6.339200 0.012196 -0.357655 -0.933774 14.952900 -0.999226 0.030578 -0.024763 -4.642900 0.000000 0.000000 0.000000 1.000000
-0.003874 0.948079 -0.318012 6.339200 0.010076 -0.317961 -0.948050 14.952900 -0.999942 -0.006877 -0.008321 -4.642900 0.000000 0.000000 0.000000 1.000000
-0.022638 0.961594 -0.273541 6.339200 0.006480 -0.273464 -0.961860 14.952900 -0.999723 -0.023548 -0.000041 -4.642900 0.000000 0.000000 0.000000 1.000000
-0.027114 0.970363 -0.240126 6.339200 0.003601 -0.240117 -0.970737 14.952900 -0.999626 -0.027185 0.003017 -4.642900 0.000000 0.000000 0.000000 1.000000
-0.027503 0.973445 -0.227263 6.339200 0.002618 -0.227278 -0.973826 14.952900 -0.999618 -0.027378 0.003703 -4.642900 0.000000 0.000000 0.000000 1.000000
-0.031297 0.970529 -0.238945 6.339200 0.003113 -0.238966 -0.971023 14.952900 -0.999505 -0.031134 0.004457 -4.642900 0.000000 0.000000 0.000000 1.000000
-0.035047 0.963019 -0.267145 6.339200 0.005241 -0.267128 -0.963647 14.952900 -0.999372 -0.035173 0.004315 -4.642900 0.000000 0.000000 0.000000 1.000000
-0.027874 0.950270 -0.310179 6.339200 0.008858 -0.310052 -0.950678 14.952900 -0.999572 -0.029247 0.000225 -4.642900 0.000000 0.000000 0.000000 1.000000
0.006571 0.935132 -0.354237 6.339200 0.012313 -0.354294 -0.935053 14.952900 -0.999903 0.001783 -0.013843 -4.642900 0.000000 0.000000 0.000000 1.000000</float_array>
        <technique_common>
          <accessor source="#mixamorig_LeftShoulder-Matrix-animation-output-transform-array" count="24" stride="16">
            <param type="float4x4"/>
          </accessor>
        </technique_common>
      </source>
      <source id="mixamorig_LeftShoulder-Interpolations">
        <Name_array id="mixamorig_LeftShoulder-Interpolations-array" count="24">
 LINEAR LINEAR LINEAR LINEAR LINEAR LINEAR LINEAR LINEAR LINEAR LINEAR LINEAR
LINEAR LINEAR LINEAR LINEAR LINEAR LINEAR LINEAR LINEAR LINEAR LINEAR LINEAR LINEAR
LINEAR</Name_array>
        <technique_common>
          <accessor source="#mixamorig_LeftShoulder-Interpolations-array" count="24">
            <param type="name"/>
          </accessor>
        </technique_common>
      </source>
      <sampler id="mixamorig_LeftShoulder-Matrix-animation-transform">
        <input semantic="INPUT" source="#mixamorig_LeftShoulder-Matrix-animation-input"/>
        <input semantic="OUTPUT" source="#mixamorig_LeftShoulder-Matrix-animation-output-transform"/>
        <input semantic="INTERPOLATION" source="#mixamorig_LeftShoulder-Interpolations"/>
      </sampler>
      <channel source="#mixamorig_LeftShoulder-Matrix-animation-transform" target="mixamorig_LeftShoulder/matrix"/>
    </animation>
